2008_000008.jpg 53.0 87.0 471.0 420.0 12 158.0 44.0 289.0 167.0 14
2008_000015.jpg 270.0 1.0 378.0 176.0 4 57.0 1.0 164.0 150.0 4
2008_000019.jpg 139.0 2.0 372.0 197.0 11 165.0 66.0 318.0 236.0 11 361.0 1.0 480.0 112.0 11
2008_000023.jpg 6.0 1.0 314.0 262.0 19 40.0 97.0 121.0 411.0 4 137.0 36.0 169.0 109.0 14 180.0 36.0 216.0 104.0 14 96.0 39.0 123.0 103.0 14
2008_000028.jpg 158.0 199.0 231.0 240.0 6 47.0 202.0 94.0 238.0 6
2008_000033.jpg 104.0 61.0 476.0 257.0 0
2008_000036.jpg 120.0 1.0 203.0 35.0 1 117.0 38.0 273.0 121.0 1 206.0 74.0 395.0 237.0 14 24.0 2.0 500.0 188.0 3 1.0 187.0 500.0 282.0 3
2008_000037.jpg 47.0 157.0 450.0 282.0 0
2008_000041.jpg 271.0 170.0 386.0 234.0 14 295.0 189.0 328.0 231.0 14 206.0 176.0 256.0 236.0 14 122.0 162.0 198.0 330.0 14 457.0 212.0 500.0 297.0 14 438.0 173.0 500.0 243.0 14 351.0 272.0 452.0 375.0 8 265.0 250.0 353.0 364.0 8 189.0 260.0 286.0 375.0 8 149.0 224.0 402.0 331.0 10 358.0 188.0 469.0 359.0 14
2008_000045.jpg 45.0 42.0 455.0 342.0 18
2008_000053.jpg 54.0 2.0 500.0 375.0 11
2008_000060.jpg 1.0 32.0 343.0 336.0 7
2008_000066.jpg 1.0 9.0 439.0 500.0 11
2008_000070.jpg 180.0 260.0 213.0 293.0 19 367.0 244.0 447.0 353.0 8 255.0 247.0 371.0 375.0 8
2008_000074.jpg 46.0 178.0 387.0 335.0 6
2008_000085.jpg 1.0 1.0 395.0 375.0 6
2008_000002.jpg 34.0 11.0 448.0 293.0 19
2008_000003.jpg 46.0 11.0 500.0 333.0 18 62.0 190.0 83.0 243.0 14
2008_000007.jpg 1.0 230.0 428.0 293.0 3
2008_000009.jpg 217.0 161.0 294.0 221.0 9 465.0 167.0 500.0 218.0 9
2008_000016.jpg 91.0 15.0 392.0 353.0 19
2008_000021.jpg 14.0 148.0 475.0 288.0 0
2008_000026.jpg 122.0 7.0 372.0 375.0 14 211.0 147.0 325.0 255.0 11
2008_000027.jpg 9.0 32.0 500.0 375.0 6
2008_000032.jpg 6.0 118.0 489.0 274.0 5 336.0 173.0 364.0 224.0 14
2008_000034.jpg 6.0 234.0 45.0 362.0 4 1.0 156.0 103.0 336.0 14 36.0 111.0 198.0 416.0 14 91.0 42.0 338.0 500.0 14
2008_000042.jpg 445.0 254.0 500.0 335.0 6
2008_000043.jpg 166.0 175.0 425.0 344.0 10 244.0 156.0 316.0 287.0 8 328.0 162.0 388.0 194.0 8 355.0 180.0 440.0 328.0 8 289.0 197.0 373.0 336.0 8 164.0 195.0 264.0 342.0 8 150.0 161.0 186.0 282.0 8
2008_000050.jpg 292.0 197.0 328.0 228.0 6
2008_000051.jpg 220.0 192.0 319.0 371.0 8 182.0 102.0 193.0 136.0 4 120.0 70.0 138.0 109.0 4 150.0 165.0 275.0 365.0 14 108.0 133.0 292.0 371.0 14
2008_000052.jpg 159.0 71.0 276.0 140.0 6 156.0 73.0 169.0 114.0 14 141.0 78.0 154.0 113.0 14
2008_000054.jpg 284.0 100.0 318.0 184.0 2 112.0 146.0 198.0 209.0 2
2008_000056.jpg 1.0 1.0 395.0 375.0 7
2008_000059.jpg 1.0 81.0 375.0 467.0 11
2008_000062.jpg 1.0 3.0 491.0 483.0 7
2008_000064.jpg 1.0 152.0 375.0 461.0 0
2008_000067.jpg 94.0 224.0 255.0 445.0 8 136.0 225.0 241.0 346.0 14
2008_000073.jpg 50.0 193.0 267.0 293.0 9
2008_000075.jpg 14.0 73.0 500.0 257.0 5
2008_000076.jpg 69.0 37.0 500.0 310.0 12
2008_000078.jpg 16.0 1.0 436.0 500.0 11
2008_000080.jpg 201.0 72.0 402.0 285.0 11
2008_000082.jpg 286.0 197.0 351.0 291.0 14 143.0 202.0 185.0 257.0 14 23.0 186.0 140.0 246.0 3 128.0 239.0 346.0 361.0 13
2008_000084.jpg 141.0 221.0 261.0 297.0 16
2008_000090.jpg 302.0 135.0 355.0 319.0 14 251.0 40.0 319.0 182.0 14 111.0 73.0 177.0 189.0 14 78.0 97.0 173.0 218.0 14 1.0 43.0 32.0 267.0 14 455.0 88.0 500.0 142.0 1 342.0 83.0 392.0 153.0 1
2008_000107.jpg 68.0 212.0 288.0 482.0 8
2008_000115.jpg 109.0 131.0 461.0 295.0 7 1.0 1.0 497.0 400.0 8
2008_000116.jpg 44.0 86.0 321.0 319.0 7
2008_000119.jpg 29.0 18.0 264.0 499.0 12
2008_000120.jpg 21.0 53.0 408.0 253.0 3
2008_000123.jpg 111.0 62.0 287.0 171.0 2
2008_000133.jpg 1.0 1.0 500.0 217.0 6 20.0 30.0 500.0 332.0 1
2008_000134.jpg 137.0 79.0 271.0 157.0 2 68.0 320.0 179.0 390.0 2
2008_000138.jpg 170.0 348.0 285.0 401.0 11 185.0 117.0 253.0 316.0 14 118.0 138.0 188.0 346.0 14 96.0 158.0 167.0 367.0 14 293.0 148.0 359.0 367.0 14 260.0 116.0 341.0 312.0 14
2008_000140.jpg 241.0 255.0 375.0 467.0 3 1.0 398.0 221.0 471.0 3
2008_000145.jpg 91.0 59.0 449.0 297.0 19 201.0 249.0 247.0 375.0 4
2008_000149.jpg 126.0 132.0 407.0 252.0 17 1.0 118.0 115.0 265.0 8
2008_000163.jpg 1.0 38.0 500.0 333.0 6
2008_000174.jpg 438.0 265.0 500.0 348.0 6 180.0 271.0 246.0 295.0 6 88.0 263.0 162.0 294.0 6 63.0 269.0 123.0 306.0 6 1.0 256.0 68.0 309.0 6 1.0 275.0 40.0 316.0 6
2008_000177.jpg 1.0 36.0 410.0 500.0 12
2008_000182.jpg 234.0 326.0 336.0 429.0 7
2008_000183.jpg 25.0 45.0 242.0 500.0 11
2008_000190.jpg 1.0 138.0 251.0 167.0 18
2008_000194.jpg 192.0 183.0 310.0 277.0 1 226.0 106.0 272.0 242.0 14
2008_000195.jpg 254.0 144.0 314.0 296.0 14 309.0 99.0 443.0 300.0 14 16.0 173.0 102.0 305.0 14 236.0 206.0 339.0 282.0 3 98.0 235.0 200.0 302.0 3
2008_000203.jpg 114.0 82.0 147.0 110.0 14 313.0 117.0 376.0 248.0 14 354.0 156.0 411.0 261.0 13 81.0 108.0 246.0 258.0 6
2008_000204.jpg 130.0 206.0 151.0 251.0 14 132.0 217.0 164.0 293.0 14
2008_000213.jpg 95.0 24.0 414.0 333.0 14
2008_000215.jpg 1.0 147.0 162.0 375.0 14 149.0 119.0 319.0 375.0 14 316.0 141.0 500.0 375.0 14
2008_000219.jpg 88.0 147.0 226.0 245.0 12 381.0 153.0 465.0 241.0 12
2008_000222.jpg 1.0 8.0 500.0 360.0 14 29.0 90.0 500.0 360.0 7
2008_000223.jpg 229.0 99.0 318.0 311.0 14
2008_000233.jpg 233.0 76.0 454.0 307.0 14
2008_000234.jpg 81.0 70.0 318.0 375.0 14 210.0 127.0 436.0 375.0 14 374.0 3.0 500.0 375.0 14
2008_000239.jpg 120.0 126.0 293.0 308.0 11
2008_000243.jpg 1.0 1.0 158.0 334.0 14 216.0 115.0 445.0 334.0 14
2008_000244.jpg 55.0 1.0 457.0 375.0 19
2008_000246.jpg 3.0 21.0 310.0 375.0 14 352.0 1.0 500.0 233.0 8
2008_000251.jpg 24.0 14.0 410.0 245.0 0 213.0 53.0 500.0 171.0 0 88.0 93.0 220.0 166.0 0 1.0 244.0 94.0 310.0 6
2008_000253.jpg 255.0 348.0 320.0 383.0 6
2008_000254.jpg 69.0 289.0 87.0 356.0 14 81.0 301.0 96.0 347.0 14 93.0 294.0 119.0 353.0 14 145.0 296.0 160.0 351.0 14 164.0 305.0 186.0 351.0 14 190.0 301.0 205.0 345.0 14
2008_000257.jpg 122.0 319.0 145.0 343.0 16 253.0 326.0 277.0 350.0 16 285.0 329.0 307.0 352.0 16 188.0 324.0 215.0 348.0 16 73.0 319.0 110.0 343.0 16
2008_000261.jpg 166.0 48.0 370.0 375.0 14
2008_000264.jpg 48.0 36.0 332.0 500.0 14
2008_000268.jpg 325.0 136.0 491.0 334.0 11 170.0 22.0 388.0 316.0 14 1.0 1.0 216.0 317.0 14
2008_000270.jpg 100.0 124.0 358.0 332.0 14 307.0 190.0 500.0 334.0 11 1.0 89.0 500.0 334.0 17 24.0 59.0 251.0 228.0 14
2008_000271.jpg 266.0 104.0 500.0 375.0 14
2008_000272.jpg 51.0 197.0 74.0 272.0 4
2008_000274.jpg 83.0 193.0 102.0 239.0 15 109.0 225.0 128.0 257.0 15 149.0 249.0 173.0 282.0 15 185.0 249.0 264.0 308.0 15 19.0 179.0 88.0 275.0 15 120.0 230.0 191.0 297.0 15 46.0 257.0 128.0 333.0 8
2008_000277.jpg 305.0 37.0 500.0 374.0 14 123.0 184.0 412.0 375.0 14 1.0 18.0 214.0 258.0 14 144.0 22.0 333.0 243.0 14
2008_000278.jpg 369.0 94.0 500.0 375.0 14 208.0 126.0 388.0 375.0 14 1.0 122.0 253.0 375.0 14
2008_000281.jpg 106.0 377.0 186.0 419.0 6 194.0 396.0 283.0 444.0 6 413.0 399.0 429.0 444.0 14
2008_000298.jpg 94.0 137.0 319.0 374.0 14
2008_000304.jpg 59.0 88.0 462.0 251.0 6 458.0 152.0 500.0 221.0 6 1.0 158.0 25.0 186.0 6 1.0 159.0 42.0 183.0 6 14.0 156.0 63.0 180.0 6
2008_000305.jpg 80.0 205.0 193.0 328.0 8 308.0 89.0 429.0 160.0 19
2008_000306.jpg 57.0 65.0 375.0 384.0 7
2008_000307.jpg 35.0 111.0 135.0 281.0 14 121.0 113.0 184.0 279.0 14 183.0 113.0 248.0 286.0 14 241.0 116.0 307.0 285.0 14 301.0 116.0 355.0 286.0 14 346.0 105.0 421.0 283.0 14
2008_000321.jpg 269.0 112.0 476.0 269.0 17 305.0 10.0 327.0 49.0 14 330.0 8.0 357.0 48.0 14
2008_000328.jpg 168.0 147.0 333.0 350.0 14 151.0 185.0 274.0 439.0 13
2008_000339.jpg 32.0 221.0 77.0 304.0 2 92.0 297.0 145.0 354.0 2 9.0 332.0 68.0 388.0 2
2008_000340.jpg 1.0 76.0 333.0 500.0 14
2008_000345.jpg 172.0 77.0 500.0 347.0 7
2008_000354.jpg 3.0 39.0 375.0 333.0 14 330.0 83.0 500.0 333.0 14
2008_000358.jpg 1.0 42.0 451.0 284.0 7
2008_000359.jpg 1.0 56.0 214.0 375.0 14 141.0 1.0 488.0 375.0 14
2008_000367.jpg 344.0 67.0 500.0 357.0 14 1.0 1.0 500.0 357.0 0
2008_000373.jpg 1.0 1.0 500.0 303.0 18
2008_000376.jpg 4.0 1.0 500.0 333.0 14 237.0 144.0 362.0 285.0 14
2008_000378.jpg 15.0 182.0 228.0 333.0 13
2008_000381.jpg 35.0 208.0 333.0 500.0 14 1.0 430.0 72.0 500.0 8 70.0 432.0 134.0 500.0 8
2008_000382.jpg 1.0 97.0 282.0 500.0 14
2008_000383.jpg 354.0 159.0 500.0 375.0 14 332.0 194.0 409.0 372.0 14 246.0 159.0 336.0 375.0 14 173.0 107.0 261.0 375.0 14 72.0 142.0 184.0 375.0 14 1.0 133.0 90.0 375.0 14 8.0 66.0 106.0 146.0 19
2008_000391.jpg 1.0 38.0 189.0 315.0 15 92.0 238.0 183.0 337.0 15 164.0 153.0 297.0 313.0 15 278.0 202.0 344.0 306.0 15 338.0 107.0 433.0 302.0 15
2008_000398.jpg 2.0 26.0 158.0 332.0 14 112.0 66.0 257.0 385.0 14 1.0 272.0 26.0 385.0 4
2008_000401.jpg 1.0 65.0 327.0 375.0 7
2008_000403.jpg 180.0 183.0 228.0 265.0 14 178.0 211.0 234.0 295.0 12
2008_000406.jpg 159.0 50.0 430.0 375.0 14
2008_000407.jpg 54.0 151.0 331.0 500.0 14 75.0 74.0 286.0 407.0 14
2008_000408.jpg 75.0 88.0 238.0 278.0 14 300.0 125.0 413.0 299.0 14 230.0 143.0 275.0 197.0 14 179.0 101.0 224.0 170.0 14
2008_000413.jpg 1.0 1.0 375.0 500.0 14
2008_000414.jpg 1.0 87.0 385.0 313.0 3 316.0 104.0 414.0 144.0 3 1.0 90.0 230.0 227.0 3
2008_000418.jpg 221.0 155.0 274.0 325.0 14 341.0 251.0 500.0 344.0 10 421.0 264.0 490.0 375.0 8 307.0 235.0 385.0 354.0 8
2008_000419.jpg 1.0 22.0 458.0 375.0 17 112.0 78.0 376.0 328.0 11
2008_000423.jpg 151.0 45.0 422.0 334.0 14 301.0 77.0 500.0 337.0 14 36.0 261.0 500.0 375.0 3
2008_000424.jpg 1.0 64.0 375.0 500.0 14 329.0 1.0 375.0 133.0 14 56.0 11.0 79.0 71.0 14 74.0 17.0 100.0 73.0 14 231.0 47.0 253.0 89.0 14 206.0 18.0 226.0 79.0 14 194.0 45.0 208.0 76.0 14 113.0 21.0 131.0 70.0 14 132.0 27.0 151.0 72.0 14 22.0 46.0 42.0 72.0 14
2008_000446.jpg 33.0 134.0 197.0 447.0 14 196.0 112.0 335.0 447.0 14 104.0 171.0 210.0 382.0 14
2008_000452.jpg 36.0 105.0 119.0 375.0 14 194.0 109.0 311.0 375.0 14 276.0 127.0 349.0 354.0 14 356.0 133.0 456.0 363.0 14
2008_000457.jpg 1.0 265.0 47.0 303.0 6 44.0 271.0 87.0 297.0 6
2008_000464.jpg 164.0 11.0 406.0 334.0 7
2008_000465.jpg 61.0 155.0 143.0 220.0 17 217.0 130.0 355.0 215.0 17 148.0 220.0 435.0 333.0 17 353.0 161.0 485.0 242.0 17 143.0 49.0 180.0 83.0 15
2008_000466.jpg 40.0 90.0 318.0 257.0 1 62.0 90.0 400.0 301.0 1
2008_000469.jpg 253.0 119.0 288.0 189.0 14 407.0 89.0 446.0 184.0 14
2008_000472.jpg 275.0 65.0 315.0 149.0 2
2008_000473.jpg 54.0 167.0 189.0 321.0 14 1.0 257.0 345.0 438.0 14 87.0 301.0 335.0 458.0 8
2008_000474.jpg 172.0 74.0 432.0 337.0 14
2008_000475.jpg 23.0 78.0 157.0 467.0 14 117.0 82.0 221.0 353.0 14 188.0 120.0 291.0 409.0 14
2008_000481.jpg 56.0 40.0 451.0 375.0 14
2008_000489.jpg 111.0 81.0 315.0 375.0 14 396.0 208.0 500.0 375.0 8
2008_000492.jpg 186.0 86.0 322.0 335.0 14 1.0 1.0 497.0 375.0 14 261.0 1.0 500.0 234.0 14
2008_000496.jpg 1.0 56.0 375.0 500.0 14
2008_000498.jpg 247.0 2.0 335.0 132.0 8 321.0 56.0 440.0 196.0 8 341.0 29.0 419.0 143.0 8
2008_000501.jpg 172.0 313.0 467.0 375.0 6
2008_000510.jpg 114.0 46.0 319.0 285.0 14
2008_000511.jpg 235.0 60.0 500.0 375.0 14 76.0 105.0 237.0 285.0 14
2008_000516.jpg 165.0 71.0 378.0 241.0 14 205.0 82.0 440.0 347.0 13
2008_000519.jpg 106.0 57.0 358.0 284.0 14
2008_000522.jpg 18.0 79.0 447.0 335.0 14 299.0 99.0 375.0 197.0 4
2008_000532.jpg 72.0 25.0 469.0 485.0 2
2008_000533.jpg 233.0 116.0 492.0 268.0 2
2008_000535.jpg 221.0 16.0 302.0 274.0 14 90.0 89.0 179.0 296.0 14 157.0 50.0 220.0 277.0 14
2008_000536.jpg 15.0 3.0 500.0 456.0 7
2008_000541.jpg 1.0 177.0 160.0 375.0 14 114.0 177.0 236.0 375.0 14 223.0 168.0 370.0 375.0 14 299.0 284.0 436.0 375.0 14 1.0 169.0 416.0 375.0 17
2008_000547.jpg 134.0 137.0 181.0 207.0 14 383.0 226.0 500.0 375.0 14 124.0 168.0 200.0 238.0 13
2008_000553.jpg 1.0 3.0 302.0 470.0 14 67.0 298.0 413.0 499.0 14 1.0 309.0 287.0 499.0 14
2008_000558.jpg 315.0 239.0 367.0 375.0 14
2008_000562.jpg 152.0 87.0 237.0 283.0 14 220.0 68.0 348.0 294.0 14 132.0 176.0 394.0 350.0 1 282.0 134.0 435.0 204.0 6
2008_000564.jpg 110.0 256.0 238.0 367.0 15 385.0 174.0 422.0 256.0 14
2008_000566.jpg 225.0 218.0 347.0 334.0 19 408.0 117.0 500.0 206.0 19 280.0 247.0 401.0 360.0 19
2008_000568.jpg 1.0 40.0 294.0 375.0 14 360.0 50.0 500.0 375.0 14
2008_000569.jpg 3.0 1.0 208.0 457.0 14 250.0 78.0 327.0 364.0 14 322.0 153.0 399.0 300.0 14
2008_000573.jpg 1.0 240.0 324.0 332.0 10 106.0 61.0 334.0 332.0 14 329.0 59.0 490.0 333.0 14 1.0 1.0 104.0 254.0 14
2008_000579.jpg 58.0 84.0 460.0 326.0 14 1.0 27.0 235.0 326.0 14
2008_000581.jpg 1.0 115.0 262.0 373.0 7
2008_000589.jpg 118.0 123.0 252.0 210.0 17 251.0 122.0 443.0 207.0 17 265.0 171.0 475.0 322.0 17 1.0 111.0 153.0 192.0 17
2008_000599.jpg 92.0 53.0 294.0 310.0 14 168.0 155.0 301.0 314.0 14 283.0 144.0 439.0 333.0 14 263.0 50.0 339.0 81.0 6 27.0 78.0 121.0 114.0 6 77.0 65.0 149.0 99.0 6
2008_000602.jpg 20.0 71.0 293.0 425.0 12
2008_000605.jpg 1.0 14.0 284.0 498.0 14
2008_000609.jpg 89.0 124.0 200.0 335.0 14 323.0 145.0 368.0 264.0 14
2008_000614.jpg 32.0 144.0 257.0 333.0 14 216.0 134.0 311.0 333.0 14 304.0 160.0 445.0 333.0 14
2008_000620.jpg 249.0 145.0 349.0 312.0 14 205.0 208.0 327.0 337.0 11
2008_000622.jpg 142.0 87.0 339.0 191.0 14
2008_000623.jpg 1.0 100.0 333.0 500.0 14
2008_000629.jpg 112.0 115.0 375.0 500.0 14
2008_000630.jpg 92.0 155.0 174.0 411.0 14
2008_000634.jpg 157.0 110.0 217.0 307.0 14 176.0 126.0 209.0 197.0 14
2008_000640.jpg 75.0 9.0 276.0 240.0 14 60.0 141.0 248.0 240.0 14
2008_000647.jpg 73.0 241.0 118.0 378.0 14 349.0 121.0 500.0 412.0 14
2008_000652.jpg 1.0 7.0 238.0 210.0 14
2008_000656.jpg 1.0 32.0 320.0 480.0 14
2008_000657.jpg 58.0 99.0 341.0 333.0 18
2008_000659.jpg 245.0 264.0 270.0 282.0 6 285.0 260.0 305.0 277.0 6
2008_000660.jpg 135.0 10.0 302.0 205.0 14 48.0 82.0 117.0 192.0 7
2008_000661.jpg 2.0 56.0 392.0 260.0 14 218.0 93.0 451.0 290.0 11 196.0 122.0 279.0 258.0 11
2008_000662.jpg 82.0 35.0 442.0 294.0 14
2008_000666.jpg 165.0 85.0 227.0 203.0 14
2008_000670.jpg 67.0 76.0 271.0 168.0 7
2008_000673.jpg 1.0 20.0 271.0 213.0 14 70.0 26.0 320.0 213.0 8 126.0 83.0 226.0 167.0 14
2008_000677.jpg 63.0 103.0 194.0 375.0 14 134.0 102.0 208.0 334.0 14 202.0 86.0 299.0 292.0 14 298.0 57.0 394.0 286.0 14 323.0 88.0 463.0 366.0 14 243.0 144.0 262.0 201.0 4
2008_000690.jpg 74.0 81.0 375.0 500.0 14 138.0 1.0 366.0 176.0 11 1.0 70.0 375.0 500.0 8
2008_000691.jpg 1.0 1.0 267.0 500.0 14 226.0 218.0 375.0 500.0 14 332.0 246.0 375.0 331.0 4
2008_000695.jpg 458.0 241.0 500.0 363.0 14
2008_000697.jpg 364.0 141.0 432.0 205.0 2
2008_000699.jpg 177.0 44.0 239.0 125.0 14 180.0 163.0 279.0 287.0 14
2008_000700.jpg 22.0 70.0 380.0 300.0 14
2008_000705.jpg 170.0 1.0 341.0 375.0 14 455.0 232.0 475.0 285.0 4 475.0 231.0 497.0 286.0 4
2008_000706.jpg 111.0 87.0 247.0 360.0 14 313.0 211.0 395.0 312.0 11
2008_000714.jpg 211.0 57.0 500.0 375.0 14 1.0 14.0 211.0 375.0 14 277.0 193.0 333.0 276.0 14 242.0 194.0 293.0 328.0 14
2008_000725.jpg 17.0 77.0 109.0 228.0 14 110.0 82.0 193.0 240.0 1
2008_000727.jpg 257.0 135.0 315.0 208.0 14 138.0 205.0 302.0 420.0 14 25.0 22.0 318.0 426.0 14
2008_000731.jpg 36.0 57.0 242.0 400.0 14
2008_000734.jpg 87.0 67.0 319.0 401.0 14 18.0 12.0 281.0 457.0 14
2008_000737.jpg 7.0 39.0 308.0 411.0 14
2008_000740.jpg 40.0 10.0 278.0 455.0 14
2008_000745.jpg 70.0 16.0 286.0 479.0 14
2008_000748.jpg 1.0 91.0 202.0 480.0 14 174.0 1.0 489.0 480.0 14
2008_000765.jpg 90.0 154.0 283.0 331.0 12
2008_000769.jpg 188.0 1.0 500.0 360.0 14
2008_000776.jpg 71.0 70.0 298.0 333.0 14 393.0 60.0 426.0 151.0 14 341.0 81.0 359.0 132.0 14 320.0 83.0 335.0 130.0 14 309.0 83.0 324.0 129.0 14
2008_000780.jpg 62.0 115.0 262.0 375.0 14 174.0 110.0 392.0 375.0 14
2008_000782.jpg 5.0 124.0 254.0 500.0 13
2008_000783.jpg 234.0 91.0 357.0 300.0 12 244.0 17.0 363.0 218.0 14
2008_000788.jpg 1.0 77.0 304.0 500.0 11
2008_000793.jpg 53.0 36.0 466.0 331.0 7
2008_000795.jpg 1.0 82.0 232.0 332.0 14 187.0 94.0 323.0 332.0 14 291.0 126.0 500.0 331.0 14 216.0 291.0 252.0 332.0 4
2008_000796.jpg 76.0 1.0 500.0 375.0 14
2008_000803.jpg 432.0 11.0 461.0 64.0 13 386.0 54.0 430.0 219.0 14 293.0 41.0 345.0 208.0 14 319.0 46.0 366.0 205.0 14 196.0 28.0 258.0 182.0 14 85.0 7.0 136.0 184.0 14 41.0 3.0 95.0 155.0 14 420.0 78.0 471.0 229.0 14 55.0 79.0 90.0 181.0 1 164.0 87.0 264.0 177.0 1 373.0 115.0 411.0 224.0 1 277.0 93.0 332.0 208.0 1 433.0 2.0 463.0 63.0 14
2008_000804.jpg 60.0 98.0 466.0 296.0 0
2008_000805.jpg 44.0 16.0 481.0 307.0 0
2008_000806.jpg 250.0 63.0 429.0 362.0 14 247.0 185.0 446.0 375.0 13
2008_000811.jpg 313.0 52.0 476.0 352.0 14 29.0 49.0 255.0 328.0 14 30.0 136.0 268.0 331.0 13 312.0 101.0 475.0 360.0 13
2008_000817.jpg 249.0 155.0 293.0 246.0 8 207.0 152.0 246.0 228.0 8 294.0 163.0 343.0 244.0 8 221.0 168.0 328.0 233.0 10
2008_000825.jpg 88.0 35.0 321.0 489.0 14
2008_000828.jpg 1.0 1.0 500.0 375.0 6 127.0 104.0 242.0 250.0 14
2008_000834.jpg 152.0 141.0 205.0 219.0 14 329.0 151.0 404.0 215.0 14 67.0 193.0 495.0 242.0 3
2008_000835.jpg 173.0 110.0 408.0 375.0 14 412.0 72.0 460.0 170.0 14 348.0 85.0 447.0 246.0 14 1.0 112.0 120.0 272.0 14 90.0 66.0 182.0 217.0 14 198.0 72.0 271.0 178.0 14 254.0 67.0 288.0 137.0 14 282.0 66.0 344.0 114.0 14 382.0 231.0 480.0 375.0 8 1.0 107.0 404.0 375.0 10
2008_000837.jpg 1.0 168.0 294.0 490.0 11 72.0 1.0 267.0 490.0 14
2008_000839.jpg 35.0 18.0 426.0 500.0 7
2008_000848.jpg 233.0 147.0 279.0 246.0 2
2008_000853.jpg 37.0 345.0 186.0 417.0 7
2008_000857.jpg 309.0 131.0 498.0 257.0 17 277.0 94.0 360.0 163.0 15
2008_000858.jpg 12.0 51.0 382.0 328.0 13 284.0 16.0 453.0 211.0 13
2008_000863.jpg 240.0 26.0 387.0 256.0 11
2008_000864.jpg 87.0 152.0 277.0 352.0 14 253.0 163.0 444.0 355.0 14
2008_000868.jpg 27.0 312.0 55.0 380.0 14 210.0 315.0 240.0 388.0 14 257.0 316.0 282.0 392.0 14 174.0 319.0 196.0 396.0 14 152.0 317.0 178.0 387.0 14 48.0 318.0 83.0 389.0 14 119.0 328.0 148.0 397.0 14 13.0 320.0 35.0 387.0 14 1.0 312.0 41.0 348.0 6
2008_000876.jpg 1.0 7.0 412.0 375.0 9
2008_000878.jpg 173.0 125.0 315.0 249.0 14 136.0 108.0 219.0 229.0 14
2008_000880.jpg 1.0 106.0 157.0 171.0 6 134.0 126.0 331.0 324.0 12 220.0 71.0 294.0 247.0 14 353.0 108.0 394.0 124.0 6 345.0 121.0 403.0 215.0 12 392.0 115.0 411.0 143.0 14 406.0 105.0 427.0 142.0 14 386.0 134.0 500.0 256.0 12 391.0 136.0 436.0 265.0 14 438.0 106.0 500.0 219.0 14
2008_000884.jpg 171.0 170.0 419.0 251.0 6 1.0 169.0 138.0 263.0 6
2008_000885.jpg 95.0 181.0 125.0 273.0 4 49.0 71.0 148.0 245.0 14 248.0 115.0 373.0 232.0 14 318.0 96.0 500.0 326.0 14 1.0 205.0 411.0 326.0 10
2008_000897.jpg 247.0 282.0 350.0 343.0 11
2008_000904.jpg 222.0 104.0 424.0 320.0 14 139.0 15.0 394.0 320.0 14 74.0 104.0 236.0 320.0 14 1.0 72.0 96.0 306.0 8 281.0 10.0 415.0 120.0 19 427.0 40.0 500.0 72.0 6
2008_000910.jpg 216.0 129.0 349.0 375.0 14 123.0 152.0 250.0 375.0 14
2008_000911.jpg 76.0 198.0 147.0 438.0 4
2008_000916.jpg 351.0 179.0 385.0 271.0 14 390.0 170.0 421.0 273.0 14 445.0 189.0 479.0 269.0 14 419.0 145.0 486.0 254.0 15 75.0 84.0 408.0 351.0 18
2008_000917.jpg 51.0 30.0 238.0 381.0 14
2008_000919.jpg 1.0 1.0 256.0 375.0 9
2008_000922.jpg 32.0 2.0 373.0 375.0 14 449.0 75.0 500.0 267.0 14 19.0 128.0 41.0 163.0 14
2008_000931.jpg 33.0 41.0 434.0 264.0 11
2008_000936.jpg 72.0 98.0 314.0 447.0 14 2.0 30.0 335.0 447.0 8
2008_000939.jpg 1.0 37.0 500.0 263.0 6 134.0 26.0 183.0 82.0 14
2008_000940.jpg 122.0 81.0 372.0 375.0 14
2008_000942.jpg 126.0 158.0 266.0 470.0 14 46.0 288.0 139.0 462.0 14 331.0 142.0 375.0 297.0 14
2008_000943.jpg 1.0 127.0 343.0 380.0 11
2008_000950.jpg 69.0 27.0 500.0 375.0 14 17.0 63.0 413.0 332.0 7
2008_000952.jpg 1.0 130.0 96.0 220.0 6 1.0 206.0 87.0 375.0 6 355.0 266.0 500.0 375.0 6 382.0 126.0 500.0 207.0 6 261.0 137.0 361.0 212.0 6 93.0 140.0 206.0 224.0 6
2008_000956.jpg 55.0 1.0 457.0 441.0 14 4.0 10.0 306.0 441.0 11 146.0 28.0 457.0 438.0 11
2008_000957.jpg 72.0 30.0 493.0 330.0 3
2008_000960.jpg 58.0 42.0 157.0 418.0 2 184.0 117.0 280.0 403.0 2 220.0 1.0 333.0 98.0 15
2008_000964.jpg 1.0 144.0 37.0 196.0 9 364.0 194.0 435.0 259.0 9 240.0 170.0 329.0 230.0 9
2008_000965.jpg 246.0 7.0 500.0 375.0 14 1.0 51.0 332.0 375.0 14
2008_000971.jpg 129.0 255.0 159.0 352.0 14 153.0 248.0 187.0 347.0 14 190.0 261.0 221.0 348.0 14
2008_000972.jpg 100.0 68.0 500.0 375.0 14
2008_000976.jpg 80.0 104.0 186.0 375.0 14 174.0 96.0 278.0 375.0 14 268.0 107.0 379.0 375.0 14 387.0 222.0 448.0 375.0 14 32.0 245.0 92.0 347.0 8
2008_000982.jpg 410.0 168.0 490.0 271.0 6 144.0 70.0 407.0 278.0 5 53.0 183.0 80.0 287.0 14
2008_000984.jpg 270.0 1.0 414.0 331.0 14 140.0 2.0 267.0 335.0 14 23.0 1.0 165.0 335.0 14 76.0 1.0 344.0 335.0 14
2008_000992.jpg 136.0 6.0 419.0 333.0 14
2008_000993.jpg 1.0 87.0 280.0 333.0 14 271.0 67.0 500.0 333.0 14
2008_001004.jpg 54.0 113.0 388.0 309.0 7
2008_001007.jpg 95.0 208.0 327.0 375.0 13 107.0 138.0 270.0 373.0 14 433.0 161.0 488.0 230.0 6
2008_001009.jpg 57.0 183.0 306.0 480.0 14 122.0 59.0 311.0 373.0 14
2008_001012.jpg 81.0 23.0 418.0 375.0 14
2008_001013.jpg 1.0 173.0 16.0 314.0 14 14.0 75.0 373.0 500.0 3 171.0 175.0 258.0 286.0 14
2008_001024.jpg 176.0 254.0 207.0 333.0 14 138.0 246.0 176.0 333.0 14 290.0 245.0 356.0 333.0 14
2008_001028.jpg 353.0 115.0 425.0 342.0 14
2008_001034.jpg 212.0 101.0 351.0 336.0 14 322.0 113.0 438.0 336.0 14 266.0 132.0 354.0 336.0 14 104.0 113.0 229.0 336.0 14
2008_001040.jpg 75.0 120.0 466.0 210.0 3
2008_001041.jpg 133.0 37.0 332.0 319.0 3 299.0 300.0 350.0 328.0 3
2008_001046.jpg 102.0 146.0 149.0 295.0 14 224.0 156.0 266.0 281.0 14 271.0 156.0 318.0 282.0 14 324.0 152.0 367.0 281.0 14 403.0 149.0 452.0 221.0 14 21.0 154.0 62.0 313.0 14 187.0 156.0 224.0 291.0 14 56.0 156.0 108.0 284.0 14 34.0 283.0 119.0 372.0 8 117.0 283.0 202.0 375.0 8 215.0 279.0 286.0 368.0 8 291.0 276.0 359.0 370.0 8 394.0 309.0 477.0 375.0 8 296.0 313.0 355.0 375.0 8 205.0 315.0 293.0 375.0 8 94.0 317.0 183.0 375.0 8 1.0 315.0 75.0 375.0 8 390.0 217.0 441.0 301.0 8
2008_001055.jpg 188.0 77.0 288.0 259.0 14 152.0 168.0 280.0 375.0 14 404.0 2.0 500.0 157.0 14 180.0 50.0 453.0 375.0 14
2008_001060.jpg 81.0 49.0 500.0 333.0 14 13.0 163.0 64.0 258.0 4
2008_001062.jpg 1.0 107.0 37.0 238.0 9 110.0 97.0 264.0 194.0 9 250.0 94.0 359.0 183.0 9 383.0 96.0 423.0 175.0 9 464.0 75.0 500.0 132.0 9 100.0 63.0 140.0 94.0 6 329.0 55.0 374.0 91.0 6 404.0 64.0 438.0 84.0 6 440.0 69.0 485.0 83.0 6
2008_001063.jpg 1.0 63.0 181.0 375.0 14 308.0 106.0 458.0 375.0 14 134.0 130.0 186.0 375.0 14 188.0 140.0 262.0 375.0 14 249.0 130.0 330.0 375.0 14 437.0 137.0 500.0 375.0 14
2008_001066.jpg 209.0 106.0 291.0 348.0 14 1.0 191.0 32.0 303.0 14 71.0 190.0 139.0 306.0 14 56.0 189.0 103.0 300.0 14
2008_001068.jpg 14.0 73.0 290.0 240.0 12 99.0 26.0 165.0 154.0 14 431.0 118.0 500.0 229.0 12
2008_001070.jpg 171.0 115.0 326.0 296.0 11
2008_001074.jpg 21.0 115.0 280.0 500.0 14
2008_001075.jpg 1.0 33.0 375.0 500.0 14
2008_001076.jpg 137.0 84.0 314.0 375.0 14
2008_001077.jpg 1.0 94.0 500.0 375.0 10 359.0 31.0 394.0 139.0 4
2008_001078.jpg 135.0 100.0 396.0 346.0 7 19.0 25.0 122.0 162.0 15
2008_001080.jpg 286.0 374.0 314.0 449.0 14 312.0 380.0 333.0 450.0 14
2008_001089.jpg 1.0 23.0 500.0 333.0 14
2008_001090.jpg 195.0 229.0 346.0 417.0 14 6.0 174.0 263.0 500.0 14
2008_001092.jpg 248.0 90.0 421.0 338.0 14 62.0 126.0 258.0 338.0 14 1.0 99.0 471.0 338.0 17
2008_001098.jpg 32.0 30.0 259.0 500.0 14
2008_001099.jpg 1.0 78.0 243.0 375.0 14 177.0 85.0 350.0 372.0 14 290.0 72.0 497.0 373.0 14
2008_001111.jpg 12.0 196.0 272.0 443.0 7
2008_001113.jpg 331.0 106.0 483.0 375.0 14 33.0 63.0 298.0 375.0 14
2008_001114.jpg 148.0 24.0 442.0 331.0 18
2008_001120.jpg 225.0 159.0 334.0 227.0 2
2008_001121.jpg 12.0 18.0 333.0 500.0 14
2008_001122.jpg 159.0 47.0 322.0 500.0 14 1.0 23.0 167.0 500.0 14
2008_001135.jpg 124.0 147.0 449.0 212.0 3
2008_001136.jpg 72.0 140.0 175.0 225.0 3 209.0 139.0 323.0 223.0 3 321.0 133.0 452.0 224.0 3
2008_001139.jpg 87.0 22.0 329.0 500.0 14
2008_001140.jpg 62.0 280.0 93.0 364.0 14 263.0 280.0 312.0 353.0 14
2008_001142.jpg 435.0 249.0 456.0 295.0 14 199.0 265.0 222.0 279.0 6 12.0 255.0 113.0 316.0 6
2008_001150.jpg 109.0 270.0 208.0 343.0 13
2008_001154.jpg 1.0 43.0 324.0 500.0 14
2008_001155.jpg 1.0 253.0 233.0 375.0 10
2008_001160.jpg 42.0 80.0 500.0 174.0 3
2008_001166.jpg 45.0 1.0 252.0 333.0 14 230.0 103.0 403.0 333.0 14
2008_001167.jpg 50.0 53.0 74.0 71.0 3 1.0 150.0 464.0 365.0 3 77.0 282.0 351.0 365.0 3 408.0 76.0 475.0 295.0 14
2008_001168.jpg 1.0 25.0 490.0 296.0 13
2008_001170.jpg 142.0 88.0 417.0 369.0 14
2008_001177.jpg 299.0 117.0 345.0 195.0 14 214.0 165.0 351.0 270.0 13
2008_001183.jpg 234.0 73.0 500.0 375.0 14 449.0 139.0 500.0 200.0 14 109.0 149.0 285.0 375.0 14
2008_001185.jpg 12.0 53.0 482.0 402.0 2
2008_001192.jpg 23.0 125.0 310.0 480.0 14
2008_001194.jpg 85.0 25.0 375.0 458.0 2
2008_001199.jpg 177.0 85.0 270.0 263.0 14 35.0 99.0 259.0 375.0 14 340.0 53.0 478.0 375.0 14 6.0 60.0 122.0 327.0 14 395.0 238.0 420.0 284.0 4 235.0 215.0 282.0 307.0 4 223.0 178.0 244.0 219.0 4
2008_001205.jpg 1.0 171.0 193.0 500.0 14 1.0 107.0 375.0 500.0 14
2008_001210.jpg 3.0 76.0 293.0 437.0 7
2008_001218.jpg 1.0 1.0 375.0 500.0 12
2008_001220.jpg 305.0 20.0 484.0 282.0 11 56.0 51.0 500.0 371.0 11
2008_001221.jpg 136.0 71.0 407.0 374.0 14
2008_001225.jpg 146.0 132.0 216.0 283.0 14 254.0 138.0 317.0 278.0 14 333.0 135.0 407.0 275.0 14 130.0 175.0 255.0 289.0 1 237.0 187.0 335.0 287.0 1 319.0 191.0 427.0 288.0 1
2008_001226.jpg 4.0 9.0 442.0 421.0 14 191.0 23.0 500.0 421.0 1
2008_001227.jpg 280.0 122.0 396.0 375.0 14 1.0 103.0 114.0 375.0 14 1.0 132.0 443.0 375.0 0
2008_001231.jpg 215.0 60.0 292.0 209.0 14 225.0 110.0 313.0 250.0 1
2008_001236.jpg 259.0 88.0 310.0 111.0 18
2008_001241.jpg 179.0 76.0 375.0 333.0 14
2008_001248.jpg 79.0 152.0 174.0 365.0 14 142.0 206.0 244.0 362.0 11
2008_001249.jpg 167.0 122.0 334.0 480.0 14
2008_001255.jpg 128.0 90.0 500.0 375.0 14 40.0 39.0 289.0 375.0 14
2008_001257.jpg 81.0 50.0 228.0 491.0 14
2008_001260.jpg 44.0 83.0 473.0 269.0 3
2008_001262.jpg 37.0 98.0 478.0 362.0 6 104.0 33.0 292.0 147.0 6
2008_001264.jpg 162.0 156.0 233.0 226.0 2
2008_001271.jpg 15.0 15.0 323.0 485.0 14 249.0 17.0 480.0 486.0 14
2008_001275.jpg 357.0 1.0 500.0 375.0 14 199.0 123.0 421.0 375.0 14 77.0 33.0 339.0 375.0 14
2008_001283.jpg 1.0 1.0 281.0 375.0 14 105.0 1.0 254.0 201.0 15
2008_001284.jpg 287.0 140.0 500.0 452.0 14 17.0 14.0 346.0 452.0 14 1.0 195.0 96.0 452.0 14
2008_001290.jpg 63.0 41.0 332.0 488.0 7
2008_001296.jpg 27.0 92.0 375.0 500.0 14
2008_001301.jpg 263.0 85.0 476.0 375.0 14 37.0 49.0 269.0 375.0 14
2008_001304.jpg 1.0 256.0 19.0 309.0 4 13.0 254.0 34.0 309.0 4 26.0 255.0 49.0 309.0 4 43.0 254.0 63.0 308.0 4 58.0 255.0 76.0 308.0 4 73.0 254.0 93.0 308.0 4 88.0 253.0 106.0 307.0 4 102.0 252.0 120.0 306.0 4 116.0 254.0 135.0 307.0 4 131.0 252.0 150.0 306.0 4 146.0 250.0 165.0 305.0 4 162.0 250.0 180.0 304.0 4 177.0 251.0 194.0 304.0 4 190.0 250.0 209.0 304.0 4 206.0 249.0 222.0 304.0 4 220.0 249.0 237.0 303.0 4 235.0 249.0 253.0 304.0 4 313.0 55.0 330.0 99.0 4 121.0 75.0 449.0 375.0 14 400.0 164.0 500.0 375.0 14
2008_001306.jpg 92.0 123.0 184.0 294.0 14 90.0 230.0 159.0 298.0 14 269.0 169.0 333.0 283.0 14
2008_001308.jpg 1.0 194.0 500.0 375.0 14
2008_001314.jpg 232.0 282.0 297.0 445.0 14 276.0 258.0 345.0 440.0 14
2008_001318.jpg 1.0 1.0 375.0 500.0 14
2008_001320.jpg 163.0 20.0 311.0 311.0 14 100.0 210.0 180.0 309.0 8
2008_001322.jpg 1.0 134.0 216.0 375.0 14 199.0 181.0 343.0 375.0 14 299.0 126.0 500.0 375.0 14
2008_001333.jpg 86.0 1.0 375.0 201.0 17 1.0 30.0 367.0 500.0 14 176.0 183.0 297.0 308.0 14 1.0 91.0 373.0 500.0 8 257.0 123.0 275.0 176.0 4 235.0 133.0 253.0 182.0 4 198.0 374.0 375.0 500.0 8
2008_001334.jpg 212.0 306.0 331.0 348.0 6
2008_001338.jpg 185.0 97.0 290.0 333.0 14 266.0 68.0 368.0 333.0 14 420.0 91.0 448.0 120.0 15 391.0 93.0 422.0 151.0 8
2008_001340.jpg 6.0 81.0 325.0 498.0 14
2008_001344.jpg 42.0 41.0 333.0 500.0 14
2008_001349.jpg 1.0 66.0 221.0 390.0 14 90.0 3.0 333.0 471.0 14 225.0 161.0 332.0 500.0 14
2008_001350.jpg 39.0 36.0 468.0 297.0 7
2008_001353.jpg 253.0 195.0 336.0 445.0 14
2008_001356.jpg 204.0 124.0 486.0 342.0 14
2008_001366.jpg 160.0 2.0 439.0 375.0 14 138.0 1.0 500.0 375.0 17
2008_001367.jpg 134.0 151.0 250.0 374.0 14
2008_001369.jpg 81.0 87.0 267.0 332.0 14 116.0 35.0 443.0 337.0 14
2008_001374.jpg 1.0 28.0 492.0 280.0 7
2008_001376.jpg 225.0 50.0 482.0 333.0 14 105.0 50.0 146.0 163.0 14 129.0 50.0 165.0 154.0 14 72.0 38.0 95.0 147.0 14 87.0 54.0 108.0 131.0 14 431.0 67.0 452.0 107.0 14 456.0 70.0 480.0 121.0 14 474.0 63.0 492.0 133.0 14
2008_001379.jpg 131.0 62.0 319.0 360.0 11
2008_001380.jpg 66.0 18.0 423.0 155.0 0
2008_001388.jpg 10.0 37.0 328.0 500.0 14
2008_001391.jpg 191.0 17.0 500.0 389.0 14
2008_001395.jpg 8.0 130.0 333.0 500.0 14
2008_001401.jpg 88.0 47.0 284.0 375.0 14 272.0 90.0 500.0 375.0 14 370.0 127.0 500.0 240.0 19
2008_001404.jpg 111.0 126.0 264.0 500.0 14 91.0 267.0 245.0 500.0 1
2008_001406.jpg 1.0 4.0 181.0 191.0 13 83.0 1.0 385.0 173.0 13 78.0 38.0 466.0 260.0 13
2008_001410.jpg 211.0 139.0 301.0 202.0 11 380.0 1.0 409.0 42.0 11
2008_001415.jpg 241.0 126.0 292.0 215.0 2 79.0 271.0 158.0 333.0 2
2008_001427.jpg 168.0 171.0 346.0 375.0 14
2008_001428.jpg 39.0 1.0 463.0 356.0 19
2008_001429.jpg 18.0 11.0 296.0 333.0 14
2008_001430.jpg 1.0 1.0 500.0 385.0 11
2008_001432.jpg 295.0 158.0 313.0 199.0 14 314.0 146.0 387.0 199.0 6
2008_001433.jpg 1.0 22.0 264.0 400.0 7
2008_001436.jpg 140.0 1.0 500.0 324.0 11
2008_001437.jpg 338.0 159.0 457.0 375.0 14 170.0 216.0 267.0 375.0 14 1.0 183.0 135.0 375.0 14 126.0 185.0 186.0 375.0 14 247.0 187.0 343.0 375.0 14
2008_001439.jpg 7.0 36.0 180.0 268.0 8 175.0 37.0 314.0 275.0 8 324.0 35.0 491.0 274.0 8 70.0 9.0 198.0 200.0 8 205.0 6.0 310.0 202.0 8 321.0 6.0 433.0 202.0 8
2008_001445.jpg 65.0 56.0 435.0 320.0 6 316.0 54.0 457.0 137.0 6 156.0 36.0 250.0 68.0 6 85.0 35.0 135.0 66.0 6 39.0 30.0 82.0 69.0 6
2008_001451.jpg 264.0 111.0 321.0 374.0 14 221.0 145.0 276.0 346.0 14 171.0 140.0 217.0 353.0 14 83.0 111.0 225.0 339.0 14 143.0 119.0 177.0 336.0 14 323.0 189.0 363.0 223.0 14 318.0 258.0 498.0 375.0 10 95.0 259.0 199.0 374.0 8 65.0 281.0 179.0 375.0 8 1.0 185.0 89.0 326.0 15 203.0 153.0 227.0 307.0 14
2008_001456.jpg 1.0 12.0 459.0 166.0 11
2008_001466.jpg 239.0 82.0 338.0 234.0 14 1.0 82.0 148.0 290.0 14
2008_001468.jpg 9.0 120.0 500.0 359.0 0
2008_001470.jpg 64.0 158.0 104.0 357.0 14 105.0 166.0 147.0 357.0 14
2008_001475.jpg 8.0 142.0 375.0 500.0 14
2008_001478.jpg 133.0 167.0 411.0 292.0 11
2008_001481.jpg 1.0 110.0 226.0 500.0 14 83.0 143.0 277.0 483.0 14 296.0 138.0 375.0 259.0 19 1.0 134.0 97.0 259.0 19
2008_001486.jpg 320.0 109.0 364.0 201.0 4 83.0 95.0 375.0 375.0 14 340.0 109.0 465.0 375.0 14 323.0 118.0 391.0 375.0 14
2008_001491.jpg 17.0 73.0 447.0 258.0 14
2008_001494.jpg 104.0 57.0 243.0 333.0 14 160.0 131.0 326.0 333.0 14
2008_001503.jpg 150.0 39.0 332.0 270.0 14 1.0 44.0 75.0 142.0 8
2008_001504.jpg 84.0 17.0 270.0 500.0 14
2008_001513.jpg 99.0 104.0 454.0 287.0 7
2008_001514.jpg 129.0 66.0 391.0 262.0 2
2008_001516.jpg 250.0 281.0 293.0 314.0 14 49.0 1.0 442.0 333.0 3
2008_001520.jpg 1.0 5.0 381.0 500.0 14 100.0 201.0 366.0 500.0 14
2008_001522.jpg 71.0 291.0 136.0 355.0 2 126.0 230.0 245.0 375.0 2 214.0 135.0 309.0 372.0 2
2008_001527.jpg 82.0 104.0 386.0 375.0 14 234.0 118.0 436.0 340.0 14 1.0 11.0 500.0 375.0 8
2008_001531.jpg 77.0 135.0 349.0 300.0 1 157.0 16.0 352.0 224.0 14
2008_001534.jpg 237.0 17.0 461.0 332.0 14 437.0 169.0 500.0 331.0 14 83.0 82.0 269.0 332.0 14 30.0 176.0 98.0 332.0 14
2008_001536.jpg 204.0 108.0 343.0 279.0 14 64.0 23.0 256.0 333.0 14 249.0 19.0 469.0 333.0 14
2008_001539.jpg 243.0 45.0 405.0 286.0 14
2008_001540.jpg 167.0 107.0 282.0 321.0 14 152.0 89.0 286.0 168.0 14 244.0 117.0 332.0 245.0 14
2008_001542.jpg 54.0 55.0 500.0 359.0 12
2008_001543.jpg 169.0 216.0 258.0 266.0 6
2008_001544.jpg 206.0 66.0 498.0 375.0 12 1.0 1.0 164.0 375.0 12
2008_001546.jpg 29.0 41.0 495.0 216.0 0
2008_001547.jpg 221.0 151.0 349.0 395.0 14
2008_001549.jpg 316.0 127.0 500.0 375.0 14 182.0 122.0 332.0 375.0 14 117.0 93.0 275.0 375.0 14 1.0 97.0 171.0 375.0 14
2008_001551.jpg 2.0 99.0 179.0 431.0 14 197.0 169.0 265.0 329.0 14 244.0 184.0 301.0 342.0 14 207.0 255.0 315.0 387.0 14
2008_001553.jpg 1.0 167.0 55.0 261.0 14 243.0 109.0 323.0 312.0 14
2008_001564.jpg 97.0 51.0 335.0 322.0 14
2008_001574.jpg 39.0 63.0 259.0 340.0 14 171.0 23.0 370.0 340.0 14 303.0 36.0 500.0 340.0 14
2008_001575.jpg 238.0 99.0 378.0 226.0 3
2008_001580.jpg 73.0 133.0 434.0 193.0 3
2008_001586.jpg 30.0 255.0 76.0 289.0 6 88.0 251.0 133.0 291.0 6 36.0 270.0 88.0 315.0 13
2008_001589.jpg 51.0 10.0 293.0 495.0 14 7.0 81.0 301.0 414.0 17
2008_001590.jpg 62.0 1.0 347.0 363.0 14
2008_001593.jpg 116.0 54.0 286.0 181.0 4 171.0 60.0 488.0 375.0 14
2008_001594.jpg 5.0 109.0 23.0 148.0 4 57.0 47.0 202.0 237.0 14 229.0 18.0 376.0 240.0 14
2008_001596.jpg 53.0 6.0 312.0 375.0 14 454.0 73.0 500.0 142.0 14 377.0 1.0 453.0 291.0 14 288.0 128.0 363.0 236.0 8 277.0 140.0 337.0 275.0 8
2008_001598.jpg 25.0 66.0 382.0 251.0 14
2008_001602.jpg 38.0 63.0 242.0 410.0 14
2008_001605.jpg 146.0 59.0 251.0 317.0 14 72.0 16.0 160.0 279.0 14 191.0 16.0 280.0 258.0 14
2008_001607.jpg 257.0 27.0 500.0 375.0 14 66.0 20.0 293.0 334.0 14
2008_001613.jpg 201.0 86.0 310.0 332.0 14 118.0 162.0 182.0 313.0 14 279.0 200.0 358.0 317.0 8 102.0 194.0 177.0 313.0 8 10.0 143.0 57.0 184.0 14 171.0 218.0 256.0 332.0 8 341.0 144.0 368.0 170.0 14 1.0 194.0 49.0 281.0 8
2008_001619.jpg 1.0 217.0 198.0 325.0 14 197.0 154.0 375.0 269.0 14
2008_001622.jpg 2.0 1.0 435.0 500.0 14
2008_001624.jpg 209.0 52.0 433.0 359.0 14 448.0 184.0 500.0 276.0 8 1.0 188.0 184.0 267.0 8
2008_001625.jpg 1.0 1.0 499.0 300.0 18
2008_001629.jpg 171.0 57.0 419.0 375.0 14 1.0 138.0 102.0 375.0 14
2008_001636.jpg 322.0 90.0 392.0 191.0 14 235.0 110.0 291.0 190.0 14 68.0 152.0 198.0 301.0 14 273.0 146.0 290.0 188.0 4 290.0 147.0 305.0 187.0 4 62.0 177.0 165.0 316.0 8
2008_001638.jpg 338.0 276.0 350.0 314.0 4 2.0 12.0 137.0 317.0 14 208.0 18.0 344.0 363.0 14 375.0 31.0 496.0 327.0 14 306.0 35.0 366.0 322.0 14 199.0 48.0 254.0 281.0 14
2008_001640.jpg 159.0 5.0 465.0 200.0 7
2008_001648.jpg 41.0 32.0 333.0 500.0 14
2008_001649.jpg 1.0 141.0 268.0 500.0 3 133.0 222.0 216.0 321.0 14 177.0 217.0 244.0 367.0 14
2008_001655.jpg 135.0 55.0 353.0 375.0 14
2008_001659.jpg 1.0 36.0 308.0 375.0 14 255.0 51.0 500.0 375.0 14
2008_001660.jpg 1.0 61.0 500.0 371.0 17 1.0 40.0 316.0 371.0 14 142.0 102.0 383.0 371.0 14 142.0 114.0 233.0 192.0 11
2008_001663.jpg 174.0 145.0 217.0 190.0 15
2008_001667.jpg 15.0 64.0 333.0 500.0 14 191.0 204.0 310.0 421.0 14
2008_001668.jpg 52.0 65.0 324.0 500.0 14 69.0 131.0 199.0 392.0 14
2008_001669.jpg 31.0 67.0 142.0 464.0 14 169.0 147.0 276.0 266.0 14 217.0 125.0 324.0 461.0 14 141.0 111.0 263.0 453.0 14
2008_001676.jpg 1.0 11.0 496.0 500.0 11
2008_001680.jpg 1.0 31.0 192.0 400.0 14 121.0 74.0 276.0 400.0 14 241.0 59.0 442.0 400.0 14 335.0 10.0 500.0 400.0 14
2008_001681.jpg 217.0 251.0 236.0 263.0 6 145.0 249.0 166.0 262.0 6 51.0 231.0 95.0 296.0 6
2008_001682.jpg 148.0 131.0 317.0 302.0 12
2008_001688.jpg 193.0 111.0 364.0 222.0 19 223.0 34.0 299.0 75.0 15 40.0 131.0 93.0 175.0 15
2008_001697.jpg 192.0 201.0 226.0 310.0 14 255.0 203.0 288.0 319.0 14 335.0 208.0 361.0 274.0 14 288.0 204.0 325.0 298.0 14 438.0 186.0 487.0 317.0 14
2008_001702.jpg 1.0 1.0 166.0 500.0 8 97.0 66.0 299.0 500.0 14
2008_001712.jpg 186.0 277.0 255.0 450.0 14
2008_001714.jpg 126.0 184.0 215.0 353.0 14
2008_001715.jpg 111.0 39.0 292.0 333.0 8
2008_001717.jpg 112.0 257.0 202.0 325.0 6 65.0 267.0 122.0 295.0 6
2008_001722.jpg 247.0 139.0 290.0 188.0 14 272.0 133.0 324.0 178.0 14
2008_001723.jpg 209.0 262.0 500.0 375.0 10 139.0 226.0 311.0 351.0 10 228.0 275.0 291.0 375.0 8 117.0 230.0 209.0 351.0 8 289.0 222.0 328.0 266.0 8
2008_001727.jpg 303.0 192.0 360.0 244.0 13 212.0 180.0 267.0 228.0 13 289.0 185.0 353.0 243.0 14 189.0 169.0 250.0 225.0 14
2008_001730.jpg 44.0 1.0 199.0 375.0 14 183.0 109.0 332.0 375.0 14
2008_001731.jpg 249.0 37.0 367.0 375.0 14 256.0 156.0 353.0 375.0 14
2008_001736.jpg 34.0 29.0 310.0 498.0 14
2008_001742.jpg 40.0 99.0 154.0 375.0 14
2008_001745.jpg 214.0 80.0 269.0 285.0 14 159.0 60.0 239.0 349.0 14 77.0 87.0 158.0 405.0 14 1.0 52.0 119.0 500.0 14
2008_001750.jpg 1.0 159.0 31.0 268.0 14
2008_001757.jpg 81.0 114.0 267.0 375.0 14 209.0 60.0 410.0 375.0 14
2008_001763.jpg 125.0 108.0 181.0 261.0 14 85.0 275.0 289.0 500.0 14
2008_001764.jpg 404.0 160.0 493.0 314.0 8 231.0 116.0 383.0 315.0 14 188.0 144.0 276.0 313.0 14
2008_001765.jpg 97.0 151.0 252.0 500.0 14 238.0 161.0 320.0 500.0 14 291.0 162.0 375.0 500.0 14
2008_001769.jpg 93.0 97.0 352.0 496.0 14
2008_001772.jpg 86.0 205.0 159.0 333.0 8 416.0 173.0 451.0 211.0 19 220.0 166.0 286.0 269.0 8
2008_001773.jpg 309.0 136.0 438.0 246.0 14 180.0 209.0 500.0 375.0 10 181.0 134.0 328.0 240.0 14 104.0 197.0 249.0 315.0 14 134.0 182.0 204.0 252.0 14 59.0 230.0 223.0 375.0 8
2008_001774.jpg 219.0 170.0 256.0 203.0 0
2008_001782.jpg 18.0 73.0 53.0 155.0 14 398.0 28.0 427.0 95.0 14 193.0 179.0 229.0 271.0 14 217.0 171.0 306.0 262.0 14
2008_001784.jpg 355.0 74.0 437.0 375.0 14 318.0 63.0 379.0 364.0 14 257.0 62.0 325.0 355.0 14 205.0 72.0 264.0 348.0 14 68.0 88.0 139.0 341.0 14 144.0 94.0 201.0 270.0 14 1.0 93.0 63.0 270.0 15
2008_001792.jpg 99.0 165.0 234.0 270.0 7 228.0 109.0 376.0 307.0 7
2008_001799.jpg 1.0 1.0 238.0 387.0 3 130.0 1.0 375.0 263.0 3
2008_001802.jpg 220.0 73.0 415.0 275.0 14 158.0 86.0 500.0 364.0 14 1.0 74.0 161.0 375.0 14
2008_001805.jpg 10.0 89.0 500.0 302.0 0
2008_001806.jpg 113.0 1.0 451.0 333.0 14
2008_001808.jpg 95.0 68.0 361.0 375.0 14
2008_001810.jpg 14.0 1.0 487.0 310.0 2
2008_001812.jpg 232.0 127.0 339.0 252.0 14
2008_001814.jpg 262.0 231.0 295.0 341.0 14 216.0 179.0 258.0 283.0 14
2008_001815.jpg 1.0 5.0 214.0 206.0 19
2008_001816.jpg 170.0 58.0 500.0 317.0 11 28.0 2.0 500.0 247.0 14
2008_001820.jpg 253.0 45.0 500.0 321.0 5 1.0 18.0 256.0 329.0 5
2008_001821.jpg 38.0 65.0 335.0 375.0 14
2008_001823.jpg 37.0 44.0 103.0 70.0 3
2008_001825.jpg 352.0 103.0 394.0 192.0 14 266.0 133.0 354.0 199.0 14 317.0 68.0 342.0 165.0 14 382.0 67.0 416.0 174.0 14 354.0 64.0 387.0 127.0 14 283.0 100.0 320.0 172.0 14 286.0 65.0 313.0 128.0 14 244.0 113.0 266.0 173.0 14 228.0 107.0 246.0 172.0 14 33.0 100.0 87.0 199.0 14 107.0 129.0 193.0 203.0 14 125.0 101.0 181.0 185.0 14 163.0 77.0 190.0 172.0 14 189.0 72.0 225.0 170.0 14 217.0 77.0 253.0 172.0 14 89.0 72.0 130.0 180.0 14 69.0 68.0 99.0 177.0 14
2008_001830.jpg 288.0 156.0 500.0 334.0 6 130.0 150.0 299.0 226.0 6 1.0 156.0 51.0 194.0 6
2008_001838.jpg 22.0 107.0 500.0 375.0 14 297.0 140.0 500.0 328.0 14 297.0 71.0 390.0 199.0 14 398.0 67.0 483.0 250.0 14 1.0 165.0 500.0 375.0 17
2008_001841.jpg 61.0 6.0 349.0 375.0 14 45.0 133.0 476.0 375.0 8
2008_001843.jpg 340.0 208.0 488.0 281.0 3 14.0 204.0 209.0 299.0 3 225.0 215.0 266.0 229.0 3
2008_001850.jpg 1.0 28.0 500.0 334.0 18
2008_001858.jpg 216.0 169.0 286.0 226.0 3
2008_001862.jpg 3.0 125.0 100.0 308.0 15 138.0 6.0 281.0 210.0 11 292.0 28.0 374.0 167.0 8
2008_001863.jpg 1.0 68.0 227.0 375.0 14 252.0 140.0 463.0 325.0 14
2008_001867.jpg 120.0 234.0 500.0 374.0 6 107.0 217.0 165.0 374.0 14 16.0 220.0 63.0 374.0 14 1.0 215.0 18.0 374.0 14
2008_001869.jpg 343.0 202.0 485.0 329.0 17 285.0 203.0 355.0 243.0 15
2008_001871.jpg 59.0 62.0 258.0 400.0 11
2008_001874.jpg 100.0 68.0 340.0 375.0 14
2008_001885.jpg 176.0 46.0 500.0 375.0 7
2008_001895.jpg 10.0 24.0 338.0 333.0 11
2008_001899.jpg 87.0 61.0 272.0 285.0 14 218.0 19.0 373.0 285.0 14
2008_001905.jpg 154.0 173.0 224.0 437.0 14 260.0 185.0 373.0 500.0 14 1.0 108.0 255.0 373.0 18 221.0 174.0 282.0 489.0 14
2008_001907.jpg 48.0 26.0 403.0 383.0 14 2.0 40.0 81.0 161.0 14
2008_001908.jpg 190.0 321.0 232.0 335.0 6 244.0 312.0 293.0 328.0 6
2008_001909.jpg 178.0 130.0 370.0 337.0 14 1.0 115.0 172.0 500.0 14 221.0 160.0 259.0 229.0 14 195.0 168.0 226.0 236.0 14 174.0 165.0 195.0 219.0 14
2008_001910.jpg 276.0 210.0 313.0 319.0 4 106.0 23.0 375.0 307.0 14 1.0 220.0 108.0 320.0 8 42.0 188.0 98.0 233.0 8
2008_001914.jpg 1.0 54.0 254.0 375.0 14 154.0 265.0 474.0 375.0 1 174.0 94.0 435.0 375.0 14
2008_001919.jpg 69.0 84.0 295.0 333.0 14 243.0 103.0 398.0 255.0 14 131.0 1.0 327.0 190.0 14
2008_001920.jpg 143.0 58.0 288.0 189.0 19 297.0 48.0 480.0 208.0 19
2008_001928.jpg 132.0 171.0 302.0 375.0 14 100.0 134.0 365.0 369.0 14 88.0 102.0 150.0 167.0 14 110.0 128.0 196.0 198.0 14 170.0 135.0 226.0 208.0 14 1.0 141.0 127.0 363.0 14 1.0 248.0 93.0 375.0 8 398.0 238.0 420.0 278.0 4
2008_001930.jpg 347.0 97.0 500.0 300.0 14 176.0 119.0 389.0 375.0 14 1.0 75.0 178.0 375.0 14 130.0 67.0 207.0 158.0 14
2008_001932.jpg 112.0 35.0 458.0 375.0 14 1.0 45.0 209.0 375.0 14
2008_001934.jpg 26.0 23.0 153.0 223.0 12
2008_001945.jpg 178.0 176.0 228.0 221.0 3
2008_001946.jpg 130.0 1.0 500.0 375.0 14
2008_001951.jpg 178.0 69.0 406.0 375.0 14
2008_001958.jpg 1.0 92.0 235.0 500.0 14 140.0 251.0 375.0 500.0 14
2008_001961.jpg 150.0 187.0 253.0 241.0 6 393.0 174.0 500.0 243.0 6 175.0 163.0 470.0 252.0 6
2008_001965.jpg 203.0 53.0 269.0 144.0 14 1.0 128.0 109.0 392.0 11
2008_001966.jpg 15.0 165.0 234.0 333.0 2 1.0 278.0 168.0 494.0 15
2008_001969.jpg 274.0 212.0 317.0 323.0 14 227.0 215.0 273.0 324.0 14 187.0 212.0 224.0 324.0 14 139.0 227.0 176.0 328.0 14 69.0 215.0 98.0 332.0 14 17.0 213.0 63.0 334.0 14 70.0 170.0 155.0 377.0 14 1.0 217.0 19.0 335.0 14
2008_001971.jpg 132.0 125.0 395.0 194.0 0
2008_001978.jpg 266.0 172.0 290.0 197.0 2
2008_001979.jpg 379.0 170.0 399.0 222.0 14 351.0 166.0 374.0 221.0 14
2008_001985.jpg 187.0 102.0 222.0 114.0 0
2008_001987.jpg 67.0 235.0 269.0 293.0 3 123.0 204.0 201.0 254.0 3
2008_001989.jpg 5.0 22.0 424.0 480.0 14
2008_001992.jpg 152.0 89.0 391.0 333.0 14 65.0 1.0 305.0 234.0 12
2008_001998.jpg 21.0 35.0 189.0 282.0 14 173.0 61.0 394.0 306.0 14 351.0 52.0 488.0 322.0 14
2008_002003.jpg 1.0 1.0 224.0 375.0 14 177.0 76.0 292.0 227.0 11
2008_002004.jpg 3.0 11.0 375.0 467.0 7
2008_002007.jpg 138.0 45.0 281.0 270.0 14
2008_002011.jpg 1.0 1.0 428.0 360.0 14
2008_002013.jpg 40.0 1.0 425.0 331.0 14
2008_002017.jpg 70.0 16.0 200.0 474.0 14 29.0 94.0 154.0 478.0 14
2008_002021.jpg 1.0 168.0 191.0 500.0 14
2008_002026.jpg 148.0 216.0 275.0 363.0 8 1.0 56.0 142.0 307.0 15 1.0 275.0 145.0 375.0 15
2008_002031.jpg 140.0 40.0 226.0 240.0 14
2008_002035.jpg 53.0 47.0 250.0 333.0 14
2008_002036.jpg 223.0 161.0 259.0 191.0 11 66.0 122.0 283.0 375.0 14
2008_002037.jpg 370.0 223.0 428.0 272.0 14 142.0 17.0 313.0 237.0 14 345.0 217.0 376.0 262.0 14 354.0 188.0 365.0 216.0 11
2008_002039.jpg 309.0 90.0 397.0 346.0 14 378.0 99.0 467.0 316.0 14
2008_002042.jpg 91.0 133.0 136.0 250.0 14 148.0 127.0 211.0 328.0 14 287.0 119.0 324.0 263.0 14
2008_002043.jpg 96.0 17.0 495.0 205.0 2
2008_002045.jpg 1.0 16.0 352.0 272.0 7 130.0 139.0 500.0 366.0 7
2008_002046.jpg 1.0 1.0 500.0 367.0 3
2008_002047.jpg 229.0 89.0 500.0 375.0 14 43.0 127.0 288.0 375.0 14 88.0 204.0 128.0 232.0 13 440.0 194.0 474.0 276.0 14 406.0 183.0 441.0 274.0 14 62.0 187.0 76.0 217.0 14
2008_002052.jpg 64.0 123.0 284.0 500.0 14
2008_002069.jpg 1.0 80.0 301.0 375.0 14 178.0 64.0 500.0 375.0 14
2008_002071.jpg 257.0 127.0 394.0 297.0 8 81.0 184.0 264.0 333.0 8
2008_002082.jpg 356.0 88.0 429.0 143.0 19 178.0 165.0 224.0 221.0 8 1.0 213.0 416.0 335.0 17 399.0 143.0 407.0 169.0 4 404.0 143.0 413.0 170.0 4
2008_002084.jpg 276.0 131.0 394.0 322.0 14 186.0 134.0 382.0 375.0 14 208.0 201.0 336.0 343.0 11 164.0 13.0 200.0 37.0 15
2008_002086.jpg 366.0 46.0 490.0 375.0 14 1.0 266.0 47.0 375.0 15
2008_002088.jpg 34.0 41.0 241.0 333.0 14 164.0 47.0 418.0 333.0 14
2008_002092.jpg 91.0 184.0 239.0 374.0 14 288.0 189.0 436.0 374.0 14 374.0 66.0 500.0 209.0 14 294.0 16.0 458.0 134.0 14 279.0 99.0 444.0 361.0 14 180.0 96.0 292.0 353.0 14 88.0 110.0 210.0 338.0 14 4.0 82.0 213.0 344.0 14 1.0 109.0 480.0 326.0 17
2008_002098.jpg 115.0 60.0 289.0 448.0 14 104.0 112.0 134.0 194.0 14 33.0 160.0 52.0 186.0 15
2008_002099.jpg 457.0 95.0 488.0 188.0 14 190.0 184.0 284.0 333.0 14 221.0 170.0 294.0 333.0 14
2008_002107.jpg 266.0 4.0 452.0 295.0 14
2008_002113.jpg 88.0 53.0 500.0 263.0 14 228.0 257.0 315.0 375.0 14
2008_002114.jpg 362.0 195.0 500.0 375.0 8 1.0 159.0 354.0 349.0 10 66.0 47.0 424.0 375.0 14 288.0 54.0 478.0 331.0 14 264.0 77.0 373.0 177.0 14 229.0 32.0 324.0 168.0 14
2008_002115.jpg 21.0 21.0 262.0 340.0 14 231.0 1.0 500.0 319.0 13
2008_002124.jpg 300.0 1.0 500.0 373.0 14
2008_002132.jpg 53.0 131.0 147.0 316.0 14 104.0 137.0 198.0 315.0 14 191.0 143.0 252.0 316.0 14 248.0 144.0 313.0 319.0 14 305.0 137.0 380.0 318.0 14 370.0 143.0 438.0 315.0 14 415.0 131.0 464.0 192.0 14 459.0 134.0 499.0 195.0 14
2008_002138.jpg 1.0 99.0 423.0 241.0 0 410.0 139.0 450.0 170.0 6
2008_002140.jpg 1.0 1.0 304.0 317.0 19 229.0 89.0 495.0 333.0 14
2008_002144.jpg 241.0 60.0 493.0 375.0 14 81.0 114.0 259.0 375.0 14
2008_002146.jpg 368.0 109.0 500.0 375.0 14 214.0 88.0 424.0 375.0 14 1.0 60.0 237.0 375.0 14
2008_002151.jpg 3.0 52.0 500.0 242.0 0
2008_002152.jpg 304.0 155.0 438.0 283.0 7 111.0 122.0 313.0 259.0 7 87.0 76.0 327.0 174.0 7
2008_002153.jpg 214.0 135.0 250.0 236.0 4 242.0 130.0 269.0 222.0 4
2008_002155.jpg 193.0 154.0 273.0 281.0 14 354.0 166.0 500.0 375.0 14
2008_002158.jpg 90.0 29.0 356.0 292.0 18
2008_002167.jpg 14.0 20.0 411.0 332.0 14
2008_002169.jpg 222.0 113.0 376.0 375.0 14 133.0 130.0 294.0 375.0 14
2008_002172.jpg 67.0 72.0 205.0 290.0 12 109.0 36.0 203.0 231.0 14 190.0 73.0 236.0 148.0 14 190.0 124.0 275.0 280.0 12
2008_002176.jpg 9.0 43.0 340.0 294.0 14 228.0 59.0 459.0 294.0 14 153.0 49.0 312.0 294.0 14 1.0 1.0 46.0 60.0 14
2008_002179.jpg 41.0 97.0 355.0 333.0 5 23.0 1.0 40.0 42.0 14 262.0 9.0 315.0 49.0 13 283.0 2.0 332.0 38.0 13
2008_002185.jpg 239.0 82.0 500.0 375.0 14
2008_002191.jpg 150.0 164.0 217.0 372.0 14 1.0 305.0 82.0 468.0 13 21.0 217.0 107.0 360.0 13 216.0 219.0 264.0 295.0 13 299.0 264.0 348.0 351.0 15 268.0 266.0 312.0 341.0 15 100.0 258.0 134.0 301.0 15 117.0 232.0 139.0 262.0 15 150.0 186.0 168.0 232.0 14 343.0 406.0 375.0 500.0 15 325.0 398.0 375.0 473.0 15
2008_002193.jpg 109.0 1.0 500.0 239.0 18 13.0 158.0 37.0 250.0 14
2008_002194.jpg 319.0 155.0 375.0 180.0 3 274.0 153.0 321.0 174.0 3 1.0 167.0 67.0 204.0 3
2008_002198.jpg 1.0 126.0 500.0 320.0 6
2008_002199.jpg 1.0 154.0 268.0 306.0 6 342.0 183.0 500.0 370.0 6 102.0 164.0 173.0 370.0 14 177.0 166.0 216.0 327.0 14 292.0 160.0 408.0 375.0 14 272.0 161.0 334.0 312.0 14 252.0 177.0 290.0 303.0 14
2008_002201.jpg 110.0 1.0 500.0 375.0 7
2008_002205.jpg 1.0 62.0 453.0 319.0 5
2008_002207.jpg 269.0 178.0 306.0 195.0 2 442.0 35.0 492.0 73.0 2
2008_002209.jpg 291.0 205.0 451.0 320.0 13
2008_002212.jpg 1.0 153.0 497.0 339.0 6 116.0 146.0 186.0 246.0 14 158.0 87.0 222.0 171.0 14 96.0 151.0 228.0 196.0 14
2008_002222.jpg 160.0 88.0 346.0 275.0 18 47.0 186.0 109.0 375.0 14 120.0 190.0 132.0 238.0 14
2008_002223.jpg 354.0 195.0 415.0 224.0 6
2008_002231.jpg 54.0 81.0 361.0 468.0 14
2008_002234.jpg 1.0 1.0 375.0 500.0 7
2008_002239.jpg 224.0 15.0 404.0 288.0 11
2008_002240.jpg 24.0 12.0 141.0 333.0 13 139.0 9.0 244.0 333.0 13 226.0 1.0 350.0 331.0 13 329.0 1.0 462.0 333.0 13
2008_002241.jpg 81.0 306.0 145.0 492.0 14 15.0 304.0 61.0 470.0 14 212.0 350.0 228.0 394.0 14 155.0 332.0 171.0 378.0 14
2008_002250.jpg 17.0 23.0 108.0 66.0 3 340.0 55.0 417.0 100.0 3 442.0 31.0 467.0 78.0 14 299.0 51.0 323.0 107.0 14 253.0 48.0 278.0 74.0 14 1.0 85.0 500.0 375.0 3
2008_002259.jpg 12.0 24.0 414.0 375.0 14 205.0 62.0 500.0 375.0 14
2008_002267.jpg 1.0 122.0 500.0 375.0 11 265.0 268.0 366.0 356.0 11 189.0 224.0 328.0 291.0 11
2008_002269.jpg 22.0 23.0 416.0 334.0 1 409.0 64.0 500.0 292.0 1
2008_002272.jpg 44.0 115.0 333.0 468.0 14
2008_002273.jpg 56.0 137.0 231.0 308.0 15
2008_002283.jpg 21.0 73.0 235.0 375.0 14 288.0 32.0 325.0 110.0 14 239.0 179.0 395.0 375.0 14 261.0 64.0 482.0 375.0 14 104.0 56.0 232.0 375.0 14
2008_002292.jpg 1.0 1.0 500.0 375.0 4
2008_002293.jpg 73.0 9.0 465.0 375.0 7
2008_002298.jpg 82.0 169.0 299.0 375.0 7 258.0 183.0 456.0 375.0 7
2008_002305.jpg 153.0 79.0 283.0 292.0 14
2008_002312.jpg 58.0 21.0 193.0 334.0 14 229.0 32.0 363.0 334.0 14 342.0 12.0 466.0 334.0 14 45.0 61.0 64.0 111.0 14
2008_002314.jpg 89.0 117.0 445.0 353.0 14
2008_002321.jpg 243.0 1.0 500.0 375.0 14 186.0 2.0 409.0 375.0 14 1.0 45.0 261.0 375.0 14
2008_002322.jpg 155.0 61.0 245.0 269.0 14 120.0 155.0 295.0 297.0 1 185.0 95.0 500.0 237.0 6 1.0 168.0 162.0 271.0 6
2008_002324.jpg 106.0 1.0 185.0 166.0 14
2008_002328.jpg 18.0 105.0 142.0 288.0 14 90.0 86.0 268.0 375.0 14 247.0 77.0 441.0 353.0 14 1.0 255.0 235.0 375.0 19
2008_002330.jpg 127.0 79.0 157.0 173.0 4 74.0 1.0 243.0 166.0 14 252.0 103.0 284.0 177.0 4
2008_002347.jpg 19.0 38.0 187.0 442.0 14 109.0 146.0 422.0 500.0 14
2008_002349.jpg 7.0 133.0 224.0 312.0 2 360.0 130.0 495.0 314.0 2 198.0 202.0 257.0 273.0 2 186.0 129.0 235.0 172.0 2 54.0 63.0 123.0 93.0 2 200.0 9.0 237.0 33.0 2
2008_002356.jpg 364.0 150.0 387.0 223.0 14 467.0 157.0 492.0 240.0 14 319.0 128.0 343.0 202.0 14 266.0 123.0 281.0 178.0 14 206.0 114.0 221.0 154.0 14 184.0 98.0 200.0 146.0 14
2008_002358.jpg 8.0 87.0 489.0 223.0 0
2008_002359.jpg 25.0 65.0 291.0 346.0 11 288.0 59.0 457.0 186.0 11
2008_002366.jpg 1.0 55.0 331.0 500.0 6 116.0 99.0 256.0 285.0 14
2008_002372.jpg 1.0 1.0 344.0 480.0 4
2008_002374.jpg 224.0 101.0 357.0 185.0 14 187.0 130.0 450.0 232.0 13
2008_002378.jpg 185.0 63.0 384.0 325.0 14 13.0 47.0 226.0 372.0 14 487.0 207.0 500.0 285.0 4
2008_002379.jpg 80.0 78.0 282.0 462.0 15 2.0 241.0 165.0 371.0 8
2008_002383.jpg 81.0 16.0 249.0 417.0 13
2008_002384.jpg 177.0 161.0 337.0 375.0 14 40.0 232.0 147.0 375.0 8 208.0 271.0 479.0 375.0 10 368.0 224.0 500.0 366.0 1
2008_002395.jpg 202.0 151.0 309.0 224.0 11
2008_002401.jpg 340.0 208.0 390.0 247.0 6 455.0 219.0 500.0 258.0 13 241.0 218.0 282.0 255.0 6
2008_002403.jpg 271.0 72.0 469.0 375.0 14 94.0 65.0 272.0 359.0 14 1.0 119.0 282.0 375.0 8
2008_002404.jpg 244.0 5.0 491.0 332.0 14 52.0 58.0 123.0 137.0 14
2008_002408.jpg 96.0 112.0 280.0 250.0 11 254.0 137.0 341.0 263.0 11
2008_002410.jpg 153.0 211.0 350.0 423.0 7 223.0 34.0 358.0 159.0 7
2008_002412.jpg 25.0 157.0 486.0 333.0 5
2008_002414.jpg 1.0 22.0 400.0 500.0 14
2008_002419.jpg 44.0 21.0 337.0 500.0 14 1.0 31.0 159.0 500.0 14
2008_002424.jpg 1.0 1.0 500.0 375.0 14
2008_002428.jpg 1.0 81.0 323.0 500.0 14
2008_002429.jpg 99.0 93.0 469.0 487.0 2
2008_002430.jpg 31.0 116.0 94.0 212.0 11 418.0 60.0 496.0 258.0 16 370.0 106.0 424.0 243.0 16 303.0 65.0 379.0 257.0 16
2008_002436.jpg 157.0 55.0 374.0 363.0 14 111.0 62.0 370.0 367.0 11
2008_002438.jpg 104.0 68.0 252.0 137.0 8
2008_002439.jpg 79.0 156.0 283.0 333.0 14
2008_002444.jpg 218.0 381.0 375.0 500.0 6 1.0 362.0 29.0 413.0 6
2008_002445.jpg 143.0 85.0 333.0 500.0 14
2008_002446.jpg 44.0 93.0 402.0 375.0 14 267.0 39.0 500.0 375.0 14
2008_002451.jpg 336.0 100.0 500.0 238.0 5 386.0 154.0 431.0 281.0 14 200.0 170.0 239.0 277.0 14 142.0 166.0 177.0 296.0 14 289.0 160.0 335.0 287.0 14 325.0 167.0 398.0 314.0 14 242.0 175.0 304.0 286.0 14 167.0 157.0 217.0 297.0 14 34.0 177.0 91.0 284.0 14
2008_002452.jpg 136.0 4.0 251.0 106.0 18 285.0 36.0 500.0 72.0 18
2008_002454.jpg 1.0 139.0 500.0 333.0 0
2008_002456.jpg 238.0 117.0 286.0 223.0 14
2008_002464.jpg 154.0 78.0 494.0 334.0 19
2008_002467.jpg 68.0 50.0 182.0 312.0 4 222.0 89.0 309.0 298.0 4 359.0 87.0 447.0 309.0 4
2008_002470.jpg 203.0 153.0 401.0 332.0 14 127.0 152.0 215.0 280.0 14 294.0 34.0 444.0 332.0 14 1.0 138.0 132.0 317.0 14 213.0 58.0 325.0 277.0 14 169.0 71.0 242.0 204.0 14
2008_002477.jpg 108.0 28.0 341.0 375.0 14 296.0 1.0 500.0 375.0 14
2008_002481.jpg 271.0 234.0 320.0 278.0 19 206.0 290.0 313.0 377.0 8
2008_002483.jpg 280.0 154.0 500.0 272.0 6 49.0 154.0 403.0 303.0 6 1.0 165.0 123.0 312.0 6 98.0 121.0 231.0 375.0 14 450.0 138.0 482.0 176.0 14
2008_002485.jpg 308.0 115.0 439.0 375.0 14 81.0 189.0 335.0 375.0 8 113.0 153.0 373.0 375.0 14 76.0 26.0 229.0 375.0 14
2008_002492.jpg 126.0 259.0 172.0 286.0 3
2008_002494.jpg 46.0 128.0 287.0 320.0 14 218.0 227.0 365.0 354.0 11 244.0 159.0 359.0 375.0 14
2008_002495.jpg 80.0 107.0 161.0 333.0 14 276.0 117.0 394.0 333.0 14 171.0 190.0 212.0 242.0 14
2008_002499.jpg 32.0 14.0 445.0 375.0 14
2008_002502.jpg 20.0 86.0 118.0 322.0 8 232.0 181.0 327.0 320.0 8 31.0 1.0 252.0 329.0 14 227.0 27.0 354.0 327.0 14
2008_002504.jpg 13.0 172.0 478.0 292.0 3
2008_002508.jpg 299.0 156.0 500.0 312.0 10 297.0 151.0 355.0 246.0 8 318.0 162.0 380.0 268.0 8 349.0 170.0 422.0 297.0 8 416.0 172.0 499.0 290.0 8 390.0 152.0 415.0 172.0 8 276.0 144.0 318.0 211.0 8 136.0 161.0 185.0 217.0 8 193.0 139.0 270.0 199.0 17 26.0 134.0 102.0 204.0 17 54.0 189.0 157.0 308.0 8 396.0 162.0 451.0 269.0 8
2008_002509.jpg 139.0 69.0 319.0 300.0 12
2008_002510.jpg 377.0 305.0 399.0 333.0 14
2008_002512.jpg 199.0 288.0 221.0 332.0 14 241.0 288.0 264.0 329.0 14
2008_002516.jpg 40.0 164.0 64.0 185.0 6
2008_002521.jpg 211.0 219.0 285.0 367.0 8
2008_002523.jpg 233.0 11.0 370.0 181.0 14
2008_002526.jpg 9.0 109.0 330.0 500.0 14 14.0 102.0 157.0 500.0 14
2008_002527.jpg 41.0 27.0 375.0 500.0 14
2008_002536.jpg 235.0 36.0 368.0 194.0 16 365.0 76.0 493.0 193.0 16 34.0 138.0 225.0 228.0 11
2008_002540.jpg 1.0 94.0 375.0 500.0 14
2008_002542.jpg 4.0 96.0 243.0 375.0 14 1.0 74.0 46.0 278.0 14 201.0 106.0 280.0 316.0 14 262.0 98.0 355.0 336.0 14 333.0 78.0 464.0 357.0 14 297.0 26.0 500.0 375.0 14
2008_002558.jpg 42.0 35.0 245.0 294.0 14
2008_002564.jpg 1.0 1.0 308.0 500.0 14 305.0 108.0 375.0 196.0 14
2008_002567.jpg 163.0 191.0 478.0 375.0 10 58.0 134.0 316.0 375.0 14 154.0 110.0 189.0 165.0 14 370.0 128.0 500.0 361.0 14 310.0 118.0 425.0 239.0 14 308.0 105.0 373.0 224.0 14 170.0 89.0 265.0 195.0 14 247.0 166.0 270.0 225.0 4
2008_002576.jpg 87.0 116.0 258.0 500.0 14
2008_002579.jpg 244.0 90.0 474.0 375.0 14 63.0 99.0 265.0 375.0 14
2008_002588.jpg 367.0 1.0 500.0 375.0 14
2008_002589.jpg 38.0 127.0 209.0 268.0 12 199.0 134.0 396.0 266.0 12 315.0 152.0 492.0 251.0 12
2008_002590.jpg 118.0 176.0 208.0 375.0 14 29.0 163.0 125.0 375.0 14
2008_002597.jpg 29.0 21.0 449.0 375.0 7
2008_002598.jpg 90.0 12.0 375.0 500.0 14 89.0 196.0 330.0 500.0 11
2008_002599.jpg 1.0 5.0 323.0 500.0 14
2008_002603.jpg 62.0 74.0 388.0 375.0 14
2008_002606.jpg 1.0 1.0 499.0 362.0 14 148.0 317.0 257.0 372.0 4
2008_002610.jpg 53.0 168.0 323.0 234.0 3 152.0 75.0 216.0 268.0 14 199.0 144.0 305.0 261.0 14 299.0 212.0 397.0 263.0 11
2008_002616.jpg 1.0 103.0 185.0 500.0 14 132.0 57.0 333.0 500.0 14
2008_002623.jpg 1.0 341.0 375.0 500.0 7
2008_002624.jpg 244.0 67.0 327.0 150.0 2
2008_002631.jpg 76.0 10.0 254.0 413.0 14 89.0 238.0 246.0 500.0 1
2008_002639.jpg 77.0 185.0 199.0 424.0 14
2008_002640.jpg 7.0 161.0 52.0 308.0 14 159.0 167.0 224.0 408.0 14 20.0 172.0 89.0 200.0 6 390.0 176.0 479.0 420.0 14
2008_002643.jpg 1.0 83.0 113.0 363.0 14 1.0 101.0 56.0 143.0 6 185.0 136.0 298.0 185.0 6
2008_002645.jpg 1.0 109.0 234.0 375.0 14
2008_002652.jpg 266.0 80.0 376.0 398.0 14 105.0 132.0 220.0 398.0 14 210.0 156.0 275.0 398.0 14
2008_002653.jpg 62.0 120.0 200.0 437.0 14 150.0 57.0 358.0 312.0 15
2008_002670.jpg 286.0 212.0 441.0 375.0 14 128.0 138.0 284.0 375.0 14 90.0 73.0 186.0 285.0 14 8.0 149.0 145.0 375.0 14 32.0 99.0 104.0 158.0 14
2008_002673.jpg 228.0 140.0 440.0 231.0 0 18.0 132.0 262.0 237.0 0 435.0 177.0 500.0 213.0 0
2008_002677.jpg 211.0 83.0 346.0 500.0 14 46.0 49.0 249.0 500.0 14
2008_002678.jpg 421.0 174.0 439.0 227.0 14
2008_002680.jpg 37.0 34.0 290.0 237.0 19
2008_002681.jpg 165.0 134.0 328.0 465.0 7
2008_002682.jpg 154.0 125.0 336.0 419.0 7
2008_002684.jpg 109.0 194.0 375.0 473.0 2
2008_002687.jpg 24.0 62.0 415.0 352.0 11
2008_002696.jpg 90.0 1.0 500.0 375.0 13
2008_002700.jpg 138.0 73.0 360.0 365.0 14
2008_002701.jpg 27.0 10.0 500.0 331.0 1
2008_002705.jpg 10.0 142.0 48.0 188.0 14 57.0 167.0 82.0 185.0 14 1.0 75.0 500.0 344.0 6
2008_002709.jpg 213.0 143.0 290.0 195.0 9
2008_002714.jpg 1.0 258.0 332.0 500.0 1 1.0 1.0 332.0 470.0 14
2008_002715.jpg 1.0 50.0 363.0 500.0 14 64.0 390.0 354.0 500.0 1
2008_002716.jpg 163.0 1.0 500.0 375.0 14
2008_002720.jpg 271.0 64.0 500.0 290.0 14 2.0 12.0 110.0 129.0 14 80.0 21.0 185.0 154.0 14 127.0 29.0 328.0 272.0 14
2008_002725.jpg 344.0 70.0 429.0 333.0 14 289.0 171.0 381.0 333.0 14 201.0 117.0 317.0 333.0 14 143.0 93.0 213.0 333.0 14 216.0 65.0 317.0 164.0 14 417.0 199.0 466.0 333.0 14 1.0 183.0 117.0 333.0 14
2008_002732.jpg 42.0 96.0 153.0 163.0 9 238.0 101.0 284.0 135.0 9 149.0 102.0 179.0 127.0 9
2008_002735.jpg 261.0 126.0 367.0 375.0 14 92.0 98.0 214.0 375.0 14 178.0 103.0 262.0 375.0 14
2008_002738.jpg 78.0 107.0 262.0 375.0 14 1.0 107.0 421.0 375.0 14
2008_002746.jpg 269.0 146.0 472.0 311.0 6 1.0 129.0 227.0 291.0 6 208.0 147.0 309.0 210.0 6 102.0 136.0 179.0 307.0 14 1.0 125.0 46.0 285.0 14 219.0 156.0 293.0 307.0 14
2008_002751.jpg 86.0 61.0 260.0 333.0 14
2008_002752.jpg 1.0 274.0 286.0 375.0 13 199.0 147.0 402.0 263.0 13 253.0 90.0 319.0 283.0 14 216.0 112.0 270.0 256.0 14 108.0 158.0 230.0 313.0 14 48.0 217.0 164.0 375.0 14
2008_002753.jpg 70.0 151.0 176.0 500.0 14 175.0 203.0 260.0 500.0 14 173.0 158.0 325.0 500.0 14 311.0 183.0 375.0 338.0 14
2008_002756.jpg 1.0 19.0 207.0 392.0 14 133.0 51.0 361.0 395.0 14
2008_002766.jpg 1.0 1.0 500.0 375.0 7
2008_002768.jpg 1.0 59.0 321.0 500.0 14 9.0 308.0 248.0 426.0 14
2008_002773.jpg 31.0 271.0 150.0 308.0 3 162.0 275.0 238.0 308.0 3 247.0 277.0 321.0 308.0 3 312.0 274.0 386.0 309.0 3 390.0 274.0 490.0 311.0 3 139.0 111.0 189.0 141.0 0 121.0 87.0 173.0 119.0 0 148.0 75.0 199.0 106.0 0 166.0 95.0 219.0 128.0 0
2008_002775.jpg 96.0 162.0 188.0 375.0 4 104.0 16.0 259.0 235.0 14
2008_002778.jpg 106.0 103.0 425.0 338.0 9
2008_002783.jpg 185.0 81.0 294.0 203.0 14
2008_002789.jpg 73.0 195.0 226.0 333.0 14 247.0 11.0 382.0 270.0 14 213.0 4.0 500.0 333.0 14
2008_002792.jpg 148.0 113.0 398.0 333.0 14
2008_002795.jpg 190.0 117.0 302.0 304.0 14 412.0 185.0 500.0 375.0 8 190.0 79.0 213.0 112.0 14
2008_002801.jpg 1.0 106.0 204.0 361.0 14 95.0 124.0 405.0 375.0 14 117.0 111.0 300.0 341.0 14 1.0 114.0 471.0 375.0 17
2008_002806.jpg 85.0 86.0 310.0 289.0 12
2008_002809.jpg 75.0 122.0 151.0 225.0 14 241.0 116.0 338.0 298.0 14 33.0 113.0 421.0 375.0 14 320.0 103.0 500.0 375.0 14
2008_002811.jpg 76.0 159.0 249.0 387.0 14
2008_002814.jpg 1.0 30.0 500.0 316.0 11
2008_002817.jpg 154.0 1.0 404.0 216.0 19 3.0 270.0 175.0 366.0 14
2008_002820.jpg 1.0 44.0 321.0 500.0 14
2008_002826.jpg 340.0 107.0 500.0 250.0 19
2008_002829.jpg 116.0 99.0 255.0 426.0 14
2008_002830.jpg 179.0 94.0 490.0 332.0 14
2008_002831.jpg 1.0 1.0 375.0 237.0 19 79.0 87.0 361.0 500.0 14
2008_002835.jpg 99.0 91.0 348.0 365.0 12 164.0 29.0 305.0 278.0 14
2008_002838.jpg 175.0 143.0 380.0 472.0 14 1.0 242.0 186.0 472.0 14 1.0 21.0 380.0 472.0 14
2008_002843.jpg 179.0 113.0 257.0 313.0 14
2008_002845.jpg 15.0 108.0 361.0 342.0 7
2008_002847.jpg 348.0 10.0 500.0 188.0 2 268.0 66.0 425.0 245.0 2 250.0 151.0 408.0 259.0 2 209.0 263.0 380.0 369.0 2 167.0 159.0 242.0 357.0 2 97.0 205.0 152.0 319.0 2 1.0 230.0 99.0 375.0 2
2008_002852.jpg 196.0 174.0 357.0 500.0 14 144.0 128.0 243.0 500.0 14 55.0 155.0 161.0 500.0 14 1.0 127.0 92.0 500.0 14
2008_002859.jpg 81.0 50.0 436.0 345.0 11
2008_002860.jpg 207.0 120.0 312.0 213.0 12 32.0 133.0 175.0 313.0 12 359.0 115.0 419.0 309.0 12
2008_002864.jpg 164.0 168.0 192.0 245.0 4 211.0 157.0 230.0 229.0 4 269.0 150.0 310.0 258.0 4 238.0 68.0 494.0 375.0 14 1.0 55.0 164.0 375.0 14
2008_002869.jpg 41.0 146.0 407.0 375.0 8 205.0 147.0 280.0 235.0 14
2008_002870.jpg 99.0 55.0 500.0 375.0 14 109.0 1.0 214.0 197.0 4 1.0 43.0 86.0 375.0 14 216.0 46.0 410.0 281.0 14
2008_002875.jpg 20.0 53.0 471.0 355.0 6 1.0 30.0 255.0 236.0 6 446.0 20.0 500.0 184.0 6 284.0 23.0 453.0 87.0 6 171.0 20.0 296.0 59.0 6
2008_002876.jpg 75.0 330.0 109.0 360.0 15
2008_002879.jpg 160.0 15.0 409.0 377.0 14
2008_002882.jpg 202.0 70.0 332.0 398.0 14 64.0 32.0 227.0 398.0 14 318.0 93.0 470.0 398.0 14 9.0 162.0 72.0 288.0 15
2008_002883.jpg 8.0 26.0 496.0 334.0 1
2008_002897.jpg 134.0 198.0 275.0 342.0 14 102.0 285.0 145.0 337.0 15
2008_002899.jpg 22.0 33.0 500.0 241.0 7
2008_002900.jpg 156.0 1.0 331.0 439.0 18
2008_002904.jpg 106.0 60.0 379.0 302.0 11
2008_002906.jpg 451.0 153.0 484.0 271.0 14 316.0 128.0 363.0 257.0 14 281.0 157.0 330.0 258.0 14 14.0 114.0 54.0 158.0 14
2008_002908.jpg 36.0 64.0 500.0 375.0 14
2008_002909.jpg 1.0 72.0 157.0 314.0 14 243.0 36.0 416.0 302.0 14
2008_002910.jpg 131.0 47.0 414.0 375.0 14
2008_002920.jpg 59.0 132.0 216.0 342.0 14 188.0 75.0 324.0 201.0 14 338.0 77.0 469.0 299.0 14 147.0 97.0 475.0 301.0 17 1.0 128.0 109.0 305.0 8
2008_002926.jpg 41.0 25.0 468.0 300.0 13
2008_002929.jpg 96.0 182.0 429.0 333.0 17 263.0 161.0 375.0 333.0 14 124.0 166.0 255.0 333.0 14
2008_002932.jpg 211.0 141.0 333.0 375.0 14 303.0 77.0 432.0 375.0 14 24.0 281.0 161.0 375.0 1 24.0 143.0 180.0 375.0 14
2008_002936.jpg 1.0 58.0 249.0 320.0 11
2008_002942.jpg 1.0 1.0 500.0 338.0 14
2008_002946.jpg 93.0 59.0 178.0 400.0 14 114.0 70.0 275.0 500.0 14
2008_002947.jpg 277.0 69.0 491.0 329.0 14 179.0 89.0 309.0 313.0 14 108.0 60.0 231.0 252.0 14 46.0 76.0 134.0 213.0 14
2008_002956.jpg 130.0 285.0 185.0 335.0 14 211.0 200.0 287.0 335.0 14 287.0 130.0 390.0 335.0 14 139.0 154.0 167.0 174.0 6
2008_002958.jpg 82.0 205.0 232.0 297.0 11 345.0 182.0 375.0 209.0 6 1.0 61.0 310.0 500.0 6
2008_002965.jpg 86.0 161.0 472.0 257.0 18
2008_002968.jpg 292.0 321.0 342.0 497.0 14
2008_002971.jpg 95.0 117.0 162.0 269.0 14 109.0 100.0 198.0 399.0 14
2008_002973.jpg 244.0 88.0 500.0 312.0 14 1.0 82.0 223.0 291.0 14 226.0 102.0 327.0 292.0 14 207.0 51.0 303.0 175.0 14 104.0 44.0 142.0 154.0 14 105.0 51.0 166.0 163.0 14 298.0 119.0 333.0 176.0 14 476.0 114.0 500.0 147.0 14
2008_002992.jpg 68.0 123.0 195.0 470.0 11 151.0 55.0 247.0 461.0 14
2008_002999.jpg 1.0 1.0 375.0 500.0 14
2008_003001.jpg 103.0 71.0 242.0 425.0 14 232.0 182.0 280.0 316.0 14
2008_003003.jpg 111.0 73.0 247.0 164.0 19 34.0 132.0 76.0 169.0 15
2008_003005.jpg 23.0 1.0 500.0 279.0 6
2008_003008.jpg 377.0 108.0 500.0 272.0 14 159.0 94.0 354.0 333.0 14 1.0 32.0 137.0 196.0 14
2008_003020.jpg 37.0 37.0 183.0 375.0 14 305.0 68.0 445.0 375.0 14 191.0 122.0 270.0 280.0 14 183.0 211.0 319.0 375.0 12
2008_003022.jpg 438.0 110.0 500.0 146.0 6 406.0 115.0 466.0 141.0 6 32.0 70.0 475.0 302.0 6
2008_003026.jpg 353.0 163.0 500.0 375.0 19
2008_003030.jpg 146.0 206.0 464.0 357.0 6 126.0 246.0 145.0 279.0 14
2008_003034.jpg 367.0 95.0 500.0 333.0 14 88.0 56.0 245.0 239.0 14
2008_003045.jpg 1.0 56.0 425.0 290.0 7
2008_003051.jpg 254.0 153.0 279.0 228.0 14 361.0 239.0 404.0 277.0 15 108.0 239.0 150.0 278.0 15
2008_003052.jpg 25.0 1.0 427.0 273.0 7
2008_003053.jpg 7.0 1.0 483.0 375.0 13
2008_003055.jpg 71.0 78.0 275.0 361.0 12 282.0 40.0 400.0 299.0 12
2008_003056.jpg 1.0 78.0 151.0 375.0 14
2008_003062.jpg 200.0 60.0 441.0 334.0 14 1.0 80.0 218.0 334.0 14 1.0 1.0 500.0 334.0 3
2008_003067.jpg 120.0 189.0 288.0 472.0 5 297.0 344.0 327.0 389.0 5 149.0 325.0 186.0 369.0 14
2008_003072.jpg 178.0 230.0 199.0 257.0 1
2008_003073.jpg 58.0 223.0 165.0 333.0 8
2008_003076.jpg 1.0 137.0 153.0 375.0 14 311.0 63.0 481.0 375.0 14 314.0 164.0 350.0 238.0 4 411.0 1.0 435.0 53.0 4 370.0 3.0 389.0 51.0 4 385.0 8.0 413.0 54.0 4
2008_003082.jpg 378.0 239.0 439.0 295.0 6
2008_003088.jpg 1.0 1.0 398.0 375.0 7
2008_003089.jpg 27.0 37.0 285.0 487.0 14
2008_003090.jpg 131.0 81.0 344.0 490.0 14 183.0 14.0 388.0 407.0 14
2008_003095.jpg 166.0 69.0 332.0 328.0 14
2008_003100.jpg 1.0 57.0 471.0 340.0 3 201.0 38.0 355.0 295.0 14
2008_003104.jpg 84.0 9.0 356.0 500.0 7
2008_003105.jpg 76.0 94.0 456.0 311.0 18
2008_003106.jpg 239.0 197.0 290.0 261.0 2 388.0 213.0 463.0 289.0 2 9.0 209.0 113.0 276.0 2
2008_003107.jpg 233.0 130.0 337.0 375.0 14
2008_003108.jpg 69.0 56.0 191.0 500.0 14 2.0 94.0 81.0 303.0 14 33.0 73.0 84.0 187.0 14 1.0 75.0 21.0 197.0 14 1.0 184.0 83.0 324.0 1
2008_003110.jpg 25.0 119.0 250.0 328.0 2 194.0 85.0 391.0 297.0 2 289.0 40.0 467.0 245.0 2
2008_003132.jpg 225.0 91.0 431.0 260.0 6 220.0 99.0 270.0 284.0 14 115.0 125.0 156.0 264.0 14 44.0 140.0 99.0 341.0 14
2008_003133.jpg 185.0 117.0 460.0 346.0 11 11.0 5.0 500.0 229.0 11
2008_003135.jpg 258.0 324.0 335.0 460.0 15 1.0 270.0 50.0 443.0 15
2008_003136.jpg 1.0 23.0 71.0 193.0 14 111.0 52.0 397.0 374.0 14 172.0 68.0 226.0 181.0 8
2008_003141.jpg 1.0 193.0 148.0 331.0 6 100.0 32.0 438.0 314.0 5 437.0 206.0 467.0 289.0 14 481.0 209.0 499.0 256.0 14
2008_003144.jpg 42.0 249.0 99.0 375.0 14 313.0 242.0 354.0 370.0 14 347.0 247.0 373.0 356.0 14 123.0 235.0 173.0 375.0 14 122.0 246.0 147.0 328.0 14 226.0 262.0 301.0 285.0 15
2008_003152.jpg 23.0 92.0 368.0 349.0 13 254.0 30.0 433.0 362.0 14
2008_003155.jpg 2.0 112.0 499.0 266.0 0
2008_003161.jpg 165.0 47.0 360.0 360.0 2
2008_003167.jpg 141.0 1.0 463.0 232.0 7
2008_003170.jpg 79.0 19.0 457.0 321.0 2
2008_003178.jpg 119.0 84.0 381.0 375.0 8 224.0 146.0 341.0 314.0 8 322.0 174.0 389.0 270.0 8 441.0 167.0 500.0 287.0 8 88.0 127.0 244.0 348.0 8
2008_003181.jpg 31.0 32.0 315.0 421.0 14 202.0 74.0 500.0 421.0 14
2008_003186.jpg 116.0 92.0 311.0 278.0 14 250.0 83.0 500.0 316.0 14 114.0 150.0 155.0 293.0 4
2008_003187.jpg 184.0 91.0 280.0 223.0 3
2008_003189.jpg 3.0 85.0 474.0 291.0 0
2008_003193.jpg 28.0 100.0 175.0 306.0 14 2.0 1.0 103.0 239.0 14
2008_003202.jpg 88.0 25.0 194.0 367.0 14 277.0 83.0 306.0 133.0 14 254.0 97.0 272.0 133.0 14 219.0 133.0 425.0 245.0 6 455.0 109.0 498.0 156.0 19
2008_003205.jpg 109.0 151.0 356.0 314.0 1 127.0 53.0 161.0 81.0 6 192.0 19.0 330.0 340.0 14
2008_003210.jpg 13.0 5.0 303.0 500.0 14 167.0 240.0 355.0 412.0 14
2008_003211.jpg 47.0 63.0 351.0 421.0 2
2008_003220.jpg 129.0 196.0 270.0 485.0 14
2008_003222.jpg 181.0 79.0 422.0 356.0 2
2008_003225.jpg 2.0 158.0 352.0 500.0 15
2008_003228.jpg 1.0 176.0 41.0 320.0 7 90.0 109.0 152.0 233.0 14 103.0 27.0 303.0 375.0 14 279.0 89.0 442.0 375.0 14
2008_003232.jpg 199.0 94.0 467.0 408.0 2
2008_003238.jpg 62.0 104.0 375.0 449.0 11 1.0 155.0 156.0 500.0 14
2008_003239.jpg 47.0 190.0 116.0 353.0 7 99.0 197.0 159.0 353.0 7
2008_003245.jpg 16.0 173.0 307.0 375.0 14 180.0 14.0 396.0 370.0 14 1.0 140.0 336.0 375.0 8 142.0 77.0 394.0 335.0 8 360.0 116.0 500.0 351.0 10
2008_003249.jpg 430.0 134.0 456.0 200.0 14 216.0 138.0 246.0 200.0 14 182.0 91.0 256.0 277.0 14 90.0 168.0 353.0 309.0 13 128.0 98.0 204.0 280.0 14 152.0 97.0 207.0 228.0 14
2008_003255.jpg 106.0 70.0 372.0 320.0 6 1.0 161.0 28.0 191.0 6
2008_003256.jpg 241.0 108.0 500.0 375.0 9 89.0 58.0 299.0 375.0 9
2008_003263.jpg 113.0 96.0 406.0 272.0 18 1.0 72.0 173.0 254.0 18
2008_003270.jpg 1.0 37.0 492.0 361.0 1
2008_003271.jpg 130.0 22.0 412.0 375.0 14 23.0 48.0 500.0 375.0 17
2008_003278.jpg 385.0 157.0 500.0 375.0 14 183.0 42.0 305.0 375.0 14 274.0 69.0 380.0 375.0 14 36.0 49.0 200.0 375.0 14
2008_003280.jpg 233.0 180.0 277.0 262.0 19 275.0 181.0 310.0 274.0 19 84.0 190.0 279.0 434.0 14 39.0 170.0 113.0 260.0 14 55.0 288.0 175.0 455.0 8 25.0 242.0 94.0 351.0 8 328.0 279.0 347.0 340.0 4 338.0 276.0 352.0 333.0 4
2008_003286.jpg 1.0 118.0 500.0 375.0 14 238.0 167.0 493.0 305.0 11
2008_003289.jpg 255.0 215.0 278.0 292.0 4 84.0 212.0 102.0 291.0 4 219.0 214.0 236.0 276.0 4 256.0 113.0 451.0 333.0 14
2008_003291.jpg 65.0 78.0 394.0 417.0 2
2008_003295.jpg 110.0 145.0 411.0 374.0 14
2008_003300.jpg 1.0 1.0 500.0 456.0 6
2008_003305.jpg 80.0 34.0 299.0 375.0 14 230.0 90.0 447.0 375.0 14
2008_003316.jpg 57.0 61.0 331.0 500.0 12 1.0 69.0 154.0 500.0 12 203.0 100.0 292.0 213.0 14 338.0 160.0 375.0 222.0 14
2008_003320.jpg 80.0 147.0 393.0 347.0 13 177.0 60.0 296.0 296.0 14 448.0 117.0 483.0 168.0 14 426.0 162.0 500.0 276.0 15 79.0 155.0 143.0 274.0 15
2008_003326.jpg 1.0 1.0 307.0 453.0 12
2008_003330.jpg 1.0 71.0 270.0 360.0 14
2008_003331.jpg 84.0 206.0 266.0 304.0 11
2008_003333.jpg 290.0 79.0 400.0 174.0 6 115.0 141.0 310.0 271.0 13 204.0 67.0 292.0 235.0 14
2008_003334.jpg 100.0 56.0 189.0 212.0 14 84.0 131.0 234.0 251.0 13
2008_003336.jpg 105.0 248.0 258.0 375.0 14 1.0 200.0 137.0 375.0 14
2008_003343.jpg 60.0 1.0 500.0 322.0 7
2008_003344.jpg 211.0 80.0 444.0 361.0 12 244.0 20.0 362.0 276.0 14 34.0 70.0 188.0 457.0 14
2008_003348.jpg 201.0 117.0 293.0 215.0 19
2008_003350.jpg 160.0 133.0 200.0 163.0 6 62.0 138.0 88.0 153.0 6
2008_003351.jpg 421.0 105.0 500.0 205.0 1 371.0 139.0 456.0 241.0 8 307.0 117.0 361.0 233.0 1 276.0 32.0 336.0 226.0 14
2008_003359.jpg 112.0 97.0 260.0 375.0 14
2008_003361.jpg 83.0 100.0 226.0 375.0 14 275.0 70.0 486.0 375.0 14
2008_003369.jpg 1.0 104.0 500.0 272.0 0
2008_003374.jpg 7.0 23.0 103.0 84.0 11 363.0 3.0 379.0 34.0 11
2008_003379.jpg 83.0 87.0 325.0 287.0 12 189.0 32.0 264.0 187.0 14
2008_003382.jpg 21.0 32.0 343.0 500.0 2
2008_003384.jpg 42.0 37.0 314.0 500.0 14
2008_003395.jpg 123.0 303.0 231.0 497.0 14 113.0 372.0 264.0 497.0 1
2008_003402.jpg 92.0 180.0 200.0 228.0 3 118.0 163.0 182.0 198.0 14
2008_003405.jpg 143.0 103.0 189.0 118.0 6 196.0 102.0 244.0 116.0 6 260.0 102.0 306.0 117.0 6 325.0 103.0 450.0 147.0 6 1.0 105.0 96.0 292.0 14
2008_003407.jpg 1.0 107.0 105.0 282.0 14 9.0 182.0 90.0 288.0 8 102.0 129.0 149.0 188.0 14 142.0 73.0 217.0 293.0 14 321.0 173.0 409.0 293.0 14 354.0 174.0 409.0 237.0 14 422.0 171.0 500.0 249.0 14 232.0 141.0 294.0 293.0 14 216.0 149.0 244.0 209.0 14
2008_003420.jpg 122.0 33.0 313.0 373.0 7
2008_003423.jpg 1.0 40.0 500.0 275.0 0
2008_003424.jpg 329.0 3.0 493.0 333.0 14 448.0 1.0 500.0 131.0 14 183.0 43.0 354.0 333.0 14
2008_003432.jpg 288.0 71.0 492.0 301.0 14 286.0 185.0 469.0 358.0 8 44.0 100.0 141.0 189.0 19 146.0 91.0 234.0 175.0 19 221.0 84.0 308.0 171.0 19 306.0 85.0 391.0 164.0 19 198.0 38.0 279.0 93.0 19
2008_003433.jpg 292.0 144.0 388.0 301.0 14
2008_003439.jpg 149.0 52.0 277.0 343.0 2
2008_003442.jpg 74.0 142.0 142.0 380.0 14 142.0 162.0 218.0 355.0 14 101.0 277.0 173.0 356.0 8
2008_003443.jpg 1.0 43.0 500.0 333.0 11
2008_003449.jpg 113.0 206.0 316.0 375.0 3 340.0 95.0 393.0 146.0 3 286.0 90.0 343.0 128.0 3 427.0 167.0 500.0 257.0 3 64.0 107.0 122.0 135.0 3 89.0 97.0 363.0 244.0 3
2008_003451.jpg 152.0 195.0 390.0 386.0 13 224.0 70.0 378.0 375.0 14
2008_003453.jpg 1.0 1.0 435.0 375.0 14
2008_003461.jpg 133.0 66.0 198.0 293.0 14 333.0 86.0 390.0 230.0 14 36.0 149.0 333.0 336.0 12 313.0 118.0 448.0 309.0 12
2008_003464.jpg 1.0 84.0 285.0 467.0 14
2008_003466.jpg 128.0 73.0 357.0 287.0 19 448.0 1.0 500.0 262.0 15
2008_003467.jpg 13.0 11.0 168.0 325.0 4 13.0 24.0 500.0 375.0 14
2008_003472.jpg 188.0 32.0 480.0 375.0 14 170.0 107.0 396.0 374.0 8
2008_003475.jpg 21.0 81.0 127.0 104.0 0 95.0 107.0 272.0 151.0 0 151.0 130.0 492.0 220.0 0
2008_003476.jpg 62.0 120.0 104.0 179.0 14
2008_003477.jpg 1.0 195.0 500.0 375.0 10
2008_003479.jpg 229.0 109.0 375.0 293.0 6 1.0 70.0 132.0 243.0 6 55.0 139.0 305.0 469.0 13 72.0 24.0 279.0 333.0 14
2008_003482.jpg 281.0 205.0 372.0 375.0 14 388.0 193.0 492.0 375.0 14
2008_003483.jpg 304.0 118.0 483.0 500.0 14
2008_003484.jpg 372.0 80.0 482.0 329.0 2 12.0 16.0 87.0 191.0 2
2008_003492.jpg 99.0 9.0 346.0 500.0 14
2008_003493.jpg 272.0 28.0 407.0 360.0 14 153.0 36.0 272.0 358.0 14 104.0 62.0 173.0 354.0 14 1.0 148.0 80.0 321.0 14
2008_003499.jpg 97.0 31.0 486.0 363.0 7
2008_003511.jpg 109.0 152.0 201.0 316.0 11 155.0 46.0 210.0 76.0 11 236.0 26.0 453.0 375.0 14
2008_003514.jpg 62.0 106.0 115.0 181.0 14 65.0 117.0 205.0 359.0 14 192.0 138.0 278.0 375.0 14 230.0 121.0 287.0 361.0 14 231.0 43.0 352.0 241.0 14 342.0 64.0 403.0 256.0 14 257.0 166.0 278.0 195.0 4 264.0 173.0 285.0 201.0 4
2008_003519.jpg 159.0 57.0 354.0 309.0 7
2008_003524.jpg 115.0 80.0 392.0 313.0 2
2008_003526.jpg 414.0 144.0 437.0 174.0 14 438.0 134.0 472.0 178.0 14 410.0 269.0 433.0 334.0 14 433.0 277.0 453.0 342.0 14 63.0 72.0 239.0 375.0 14 202.0 55.0 368.0 375.0 14
2008_003531.jpg 66.0 71.0 191.0 401.0 14
2008_003542.jpg 51.0 73.0 309.0 500.0 14
2008_003545.jpg 1.0 74.0 170.0 500.0 14 97.0 35.0 375.0 500.0 14
2008_003546.jpg 37.0 65.0 196.0 375.0 14 187.0 92.0 294.0 296.0 14 299.0 60.0 414.0 267.0 14
2008_003547.jpg 1.0 227.0 116.0 459.0 8 121.0 1.0 325.0 110.0 15
2008_003552.jpg 222.0 132.0 290.0 239.0 14
2008_003557.jpg 116.0 55.0 381.0 360.0 7 96.0 71.0 276.0 185.0 7
2008_003565.jpg 281.0 128.0 428.0 375.0 14 174.0 109.0 283.0 375.0 14 43.0 101.0 181.0 375.0 14 21.0 131.0 81.0 321.0 14
2008_003572.jpg 162.0 92.0 307.0 212.0 11
2008_003576.jpg 183.0 63.0 404.0 320.0 11
2008_003577.jpg 1.0 7.0 500.0 375.0 6 1.0 59.0 209.0 230.0 6
2008_003580.jpg 181.0 37.0 361.0 375.0 2 338.0 24.0 442.0 59.0 2 32.0 199.0 191.0 356.0 2 1.0 288.0 50.0 358.0 2
2008_003591.jpg 346.0 1.0 478.0 290.0 4
2008_003592.jpg 1.0 5.0 483.0 315.0 14
2008_003593.jpg 66.0 95.0 320.0 500.0 14
2008_003598.jpg 4.0 32.0 272.0 183.0 14
2008_003604.jpg 100.0 101.0 180.0 326.0 14
2008_003607.jpg 6.0 186.0 481.0 375.0 17 305.0 242.0 459.0 375.0 11 56.0 232.0 194.0 308.0 11 163.0 272.0 275.0 325.0 7
2008_003609.jpg 328.0 132.0 500.0 363.0 14 66.0 112.0 342.0 344.0 14 1.0 131.0 186.0 293.0 14 255.0 15.0 409.0 139.0 19
2008_003610.jpg 46.0 77.0 100.0 307.0 14 35.0 131.0 128.0 324.0 14 186.0 18.0 450.0 375.0 14 177.0 106.0 288.0 375.0 14
2008_003613.jpg 133.0 172.0 218.0 342.0 14
2008_003618.jpg 333.0 188.0 500.0 375.0 13 159.0 151.0 334.0 260.0 13
2008_003619.jpg 273.0 204.0 500.0 374.0 14 311.0 57.0 500.0 277.0 14 79.0 55.0 183.0 210.0 14
2008_003621.jpg 458.0 151.0 472.0 198.0 4
2008_003624.jpg 36.0 96.0 467.0 355.0 7
2008_003636.jpg 1.0 1.0 375.0 500.0 15
2008_003638.jpg 75.0 103.0 273.0 500.0 14
2008_003647.jpg 1.0 1.0 500.0 375.0 6
2008_003650.jpg 227.0 100.0 353.0 275.0 14 152.0 80.0 239.0 280.0 14 58.0 90.0 222.0 375.0 14 236.0 88.0 500.0 368.0 14 234.0 103.0 312.0 223.0 14
2008_003658.jpg 76.0 76.0 318.0 374.0 14
2008_003662.jpg 107.0 379.0 142.0 468.0 14
2008_003671.jpg 73.0 110.0 284.0 500.0 14
2008_003672.jpg 1.0 73.0 310.0 495.0 14 26.0 1.0 175.0 290.0 14 112.0 1.0 333.0 356.0 14
2008_003673.jpg 27.0 64.0 497.0 197.0 0 283.0 186.0 355.0 216.0 5 20.0 274.0 114.0 325.0 6 244.0 214.0 272.0 241.0 6
2008_003676.jpg 282.0 40.0 382.0 117.0 15 246.0 154.0 347.0 375.0 14 164.0 120.0 261.0 375.0 14 16.0 249.0 84.0 328.0 15 389.0 151.0 469.0 283.0 15
2008_003680.jpg 69.0 212.0 260.0 267.0 6 97.0 232.0 293.0 288.0 6 115.0 189.0 240.0 226.0 6 186.0 192.0 257.0 224.0 6 381.0 176.0 442.0 207.0 6 468.0 191.0 500.0 222.0 6 409.0 183.0 447.0 214.0 6 82.0 252.0 288.0 322.0 6
2008_003681.jpg 38.0 52.0 240.0 424.0 14 72.0 226.0 249.0 424.0 8
2008_003683.jpg 215.0 133.0 314.0 352.0 2
2008_003684.jpg 318.0 183.0 426.0 375.0 14 263.0 194.0 335.0 375.0 14 291.0 129.0 366.0 194.0 14 229.0 95.0 302.0 237.0 14 208.0 168.0 274.0 317.0 14 153.0 186.0 233.0 320.0 14 58.0 171.0 137.0 320.0 14 138.0 171.0 184.0 251.0 14 3.0 167.0 70.0 360.0 14
2008_003694.jpg 284.0 144.0 396.0 225.0 2 66.0 219.0 211.0 355.0 2
2008_003704.jpg 1.0 1.0 500.0 400.0 7
2008_003709.jpg 156.0 146.0 316.0 243.0 17 292.0 188.0 499.0 333.0 17
2008_003713.jpg 14.0 1.0 444.0 371.0 1
2008_003718.jpg 147.0 9.0 326.0 375.0 11
2008_003720.jpg 1.0 124.0 336.0 500.0 14
2008_003721.jpg 195.0 90.0 362.0 500.0 14 62.0 1.0 251.0 500.0 14
2008_003722.jpg 232.0 151.0 299.0 287.0 4 80.0 203.0 146.0 343.0 4 63.0 107.0 298.0 500.0 14
2008_003733.jpg 184.0 178.0 375.0 500.0 14 52.0 110.0 356.0 500.0 14
2008_003737.jpg 44.0 151.0 110.0 192.0 18
2008_003743.jpg 93.0 137.0 472.0 298.0 0
2008_003744.jpg 1.0 68.0 500.0 375.0 0
2008_003745.jpg 275.0 64.0 395.0 294.0 14 82.0 70.0 388.0 334.0 14
2008_003749.jpg 72.0 5.0 500.0 389.0 14
2008_003753.jpg 322.0 186.0 376.0 236.0 19 248.0 225.0 349.0 375.0 8 102.0 224.0 160.0 375.0 8 164.0 215.0 238.0 329.0 8 150.0 213.0 193.0 320.0 8 1.0 250.0 190.0 375.0 10
2008_003754.jpg 129.0 36.0 364.0 288.0 14
2008_003755.jpg 39.0 121.0 294.0 367.0 6 321.0 16.0 454.0 375.0 14 250.0 51.0 389.0 375.0 14 238.0 166.0 320.0 279.0 11
2008_003756.jpg 73.0 105.0 148.0 360.0 14 146.0 122.0 206.0 344.0 14 218.0 160.0 274.0 330.0 14 359.0 83.0 419.0 326.0 14 194.0 108.0 250.0 329.0 14 298.0 81.0 370.0 310.0 14
2008_003763.jpg 106.0 49.0 382.0 375.0 2
2008_003766.jpg 32.0 127.0 232.0 500.0 14
2008_003767.jpg 1.0 1.0 400.0 300.0 15
2008_003768.jpg 78.0 135.0 370.0 343.0 1 392.0 183.0 500.0 291.0 15 1.0 159.0 82.0 307.0 15 203.0 8.0 278.0 342.0 14
2008_003772.jpg 102.0 88.0 290.0 375.0 7 223.0 105.0 417.0 357.0 7
2008_003775.jpg 113.0 171.0 164.0 211.0 6 320.0 63.0 488.0 337.0 14 158.0 110.0 298.0 338.0 14 161.0 143.0 299.0 340.0 14
2008_003777.jpg 140.0 1.0 432.0 288.0 5 80.0 112.0 142.0 223.0 5 65.0 153.0 90.0 193.0 5
2008_003780.jpg 288.0 114.0 411.0 375.0 14 163.0 168.0 301.0 375.0 14 242.0 102.0 297.0 171.0 14 214.0 118.0 251.0 173.0 14 84.0 119.0 216.0 375.0 14 177.0 118.0 217.0 175.0 14
2008_003782.jpg 82.0 143.0 389.0 349.0 12
2008_003789.jpg 86.0 45.0 288.0 431.0 2 60.0 208.0 220.0 470.0 2
2008_003793.jpg 312.0 194.0 500.0 371.0 14 226.0 182.0 362.0 371.0 14 153.0 168.0 308.0 371.0 14
2008_003794.jpg 360.0 174.0 387.0 218.0 14 177.0 169.0 228.0 214.0 6 131.0 185.0 162.0 209.0 6 237.0 183.0 304.0 208.0 6 25.0 184.0 100.0 209.0 6
2008_003799.jpg 148.0 106.0 389.0 300.0 11
2008_003800.jpg 66.0 133.0 233.0 295.0 12 187.0 88.0 500.0 375.0 14
2008_003801.jpg 1.0 1.0 238.0 375.0 14 181.0 104.0 445.0 375.0 11 208.0 1.0 360.0 129.0 11
2008_003805.jpg 241.0 9.0 434.0 374.0 14 1.0 222.0 186.0 389.0 14 108.0 114.0 494.0 389.0 12
2008_003812.jpg 111.0 1.0 375.0 500.0 1
2008_003813.jpg 211.0 54.0 395.0 211.0 14 259.0 99.0 375.0 336.0 14
2008_003820.jpg 1.0 86.0 424.0 360.0 13 57.0 1.0 214.0 360.0 14
2008_003821.jpg 33.0 163.0 231.0 493.0 8
2008_003825.jpg 1.0 345.0 269.0 417.0 19 23.0 60.0 184.0 314.0 14 172.0 297.0 241.0 351.0 14 272.0 12.0 404.0 416.0 14 350.0 24.0 422.0 414.0 14 371.0 1.0 500.0 416.0 14 81.0 360.0 148.0 417.0 14
2008_003826.jpg 67.0 166.0 209.0 271.0 18 213.0 134.0 406.0 268.0 18
2008_003827.jpg 20.0 61.0 473.0 299.0 13
2008_003829.jpg 1.0 108.0 54.0 143.0 6 1.0 107.0 16.0 165.0 14 21.0 105.0 44.0 164.0 14
2008_003830.jpg 29.0 23.0 149.0 218.0 14
2008_003835.jpg 227.0 408.0 295.0 442.0 6 311.0 410.0 373.0 432.0 6
2008_003838.jpg 206.0 100.0 312.0 295.0 11 65.0 11.0 500.0 342.0 8 382.0 13.0 500.0 186.0 8 1.0 1.0 120.0 162.0 15
2008_003840.jpg 6.0 166.0 63.0 190.0 3 1.0 1.0 413.0 375.0 3 327.0 288.0 350.0 375.0 14 282.0 294.0 311.0 369.0 14 416.0 347.0 447.0 375.0 14
2008_003843.jpg 69.0 42.0 264.0 491.0 14 71.0 73.0 161.0 498.0 14
2008_003844.jpg 269.0 108.0 345.0 197.0 13 437.0 102.0 500.0 196.0 6 114.0 107.0 288.0 190.0 6 13.0 120.0 173.0 189.0 6 331.0 119.0 385.0 155.0 6 1.0 134.0 43.0 154.0 6 95.0 138.0 245.0 299.0 14
2008_003846.jpg 17.0 86.0 477.0 292.0 6
2008_003856.jpg 96.0 125.0 340.0 375.0 14
2008_003858.jpg 5.0 99.0 500.0 283.0 3
2008_003860.jpg 130.0 33.0 410.0 375.0 14 73.0 144.0 157.0 206.0 6 1.0 134.0 107.0 201.0 6